year,product_chapter,exporter,value_trln_USD,quantity_mln_metric_tons
2000,10,EGY,0.00000163,0.00429773
2000,10,ITA,0.00000069,0.00188794
2000,10,AUS,0.00000061,0.00077900
2000,11,FRA,0.00000041,0.00168000
2000,11,ITA,0.00000037,0.00170509
2000,11,EGY,0.00000015,0.00013603
2000,11,TUR,0.00000004,0.00021600
2000,11,ESP,0.00000003,0.00014900
2000,11,Other,0.00000001,0.00006000
2000,12,EGY,0.00000008,0.00002244
2000,12,DEU,0.00000004,0.00002360
2000,12,IDN,0.00000002,0.00002729
2000,12,JOR,0.00000001,0.00002095
2000,12,USA,0.00000001,0.00001572
2000,12,Other,0.00000000,0.00002159
2000,13,EGY,0.00000000,0.00000000
2000,14,EGY,0.00000001,0.00000973
2000,15,EGY,0.00000019,0.00022366
2000,15,JOR,0.00000018,0.00031867
2000,15,TUR,0.00000009,0.00013648
2000,15,IDN,0.00000004,0.00008871
2000,15,ESP,0.00000003,0.00001466
2000,15,Other,0.00000001,0.00000100
2000,16,FRA,0.00000061,0.00041910
2000,16,JOR,0.00000022,0.00010220
2000,16,POL,0.00000007,0.00000298
2000,16,ARG,0.00000003,0.00001469
2000,16,NLD,0.00000002,0.00001632
2000,16,Other,0.00000001,0.00001378
2000,17,EGY,0.00000044,0.00017388
2000,17,TUR,0.00000036,0.00025252
2000,17,JOR,0.00000027,0.00013499
2000,17,DEU,0.00000004,0.00001350
2000,17,GBR,0.00000004,0.00001056
2000,18,TUR,0.00000177,0.00120687
2000,18,JOR,0.00000040,0.00014223
2000,18,EGY,0.00000020,0.00005305
2000,18,POL,0.00000013,0.00002284
2000,18,ITA,0.00000012,0.00001668
2000,18,Other,0.00000014,0.00013500
2000,19,TUR,0.00000206,0.00215564
2000,19,JOR,0.00000045,0.00031062
2000,19,NLD,0.00000032,0.00004841
2000,19,EGY,0.00000022,0.00010407
2000,19,ITA,0.00000018,0.00003036
2000,19,Other,0.00000011,0.00006209
2000,20,CHN,0.00000203,0.00148142
2000,20,NLD,0.00000061,0.00028901
2000,20,EGY,0.00000049,0.00037930
2000,20,DEU,0.00000039,0.00028390
2000,20,JOR,0.00000024,0.00069459
2000,20,Other,0.00000094,0.00073273
2000,21,POL,0.00000346,0.00036189
2000,21,JOR,0.00000026,0.00011222
2000,21,EGY,0.00000021,0.00006280
2000,21,GBR,0.00000011,0.00002359
2000,21,ESP,0.00000009,0.00001248
2000,21,Other,0.00000012,0.00005212
2000,22,POL,0.00000048,0.00035325
2000,22,EGY,0.00000010,0.00028254
2000,22,JOR,0.00000006,0.00026901
2000,22,DEU,0.00000000,0.00000210
2000,22,GRC,0.00000000,0.00000001
2000,23,JOR,0.00000001,0.00002274
2000,24,DEU,0.00000032,0.00004500
2000,24,USA,0.00000027,0.00000000
2000,24,CHE,0.00000005,0.00000451
2000,24,JOR,0.00000005,0.00000902
2000,24,NLD,0.00000002,0.00000031
2000,24,Other,0.00000000,0.00000002
2000,25,JOR,0.00000637,0.19687134
2000,25,EGY,0.00000042,0.00145431
2000,25,FRA,0.00000004,0.00032520
2000,25,QAT,0.00000001,0.00011000
2000,25,IDN,0.00000000,0.00001900
2000,27,GRC,0.00000008,0.00010459
2000,27,JOR,0.00000006,0.00021802
2000,27,DEU,0.00000004,0.00008010
2000,27,EGY,0.00000000,0.00000473
2000,27,CHN,0.00000000,0.00001866
2000,28,JOR,0.00000084,0.00468905
2000,28,USA,0.00000017,0.00031122
2000,28,EGY,0.00000003,0.00008811
2000,28,CHN,0.00000003,0.00001900
2000,28,DEU,0.00000001,0.00000200
2000,28,Other,0.00000000,0.00001788
2000,29,JOR,0.00000009,0.00011000
2000,29,KOR,0.00000003,0.00004000
2000,29,CHN,0.00000003,0.00001500
2000,29,EGY,0.00000001,0.00001272
2000,29,ITA,0.00000001,0.00000001
2000,29,Other,0.00000001,0.00000143
2000,30,CHE,0.00000110,0.00000487
2000,30,EGY,0.00000075,0.00000000
2000,30,FRA,0.00000068,0.00003990
2000,30,DEU,0.00000051,0.00012726
2000,30,NLD,0.00000043,0.00011189
2000,30,Other,0.00000061,0.00002144
2000,31,JOR,0.00000018,0.00024084
2000,31,EGY,0.00000014,0.00060030
2000,32,JOR,0.00000334,0.00386075
2000,32,EGY,0.00000010,0.00003111
2000,32,FRA,0.00000006,0.00001010
2000,32,DEU,0.00000002,0.00000122
2000,32,CHN,0.00000001,0.00000095
2000,32,Other,0.00000005,0.00005081
2000,33,DEU,0.00000037,0.00005470
2000,33,JOR,0.00000015,0.00004164
2000,33,ITA,0.00000005,0.00003744
2000,33,FRA,0.00000002,0.00000220
2000,33,GBR,0.00000002,0.00000120
2000,33,Other,0.00000002,0.00000370
2000,34,JOR,0.00000026,0.00062755
2000,34,EGY,0.00000022,0.00019724
2000,34,IDN,0.00000003,0.00003367
2000,34,TUR,0.00000002,0.00001548
2000,34,DEU,0.00000001,0.00000140
2000,34,Other,0.00000000,0.00000130
2000,35,JOR,0.00000003,0.00001888
2000,35,NLD,0.00000000,0.00000200
2000,35,FRA,0.00000000,0.00000020
2000,35,CHN,0.00000000,0.00000023
2000,36,JOR,0.00000002,0.00001161
2000,36,EGY,0.00000000,0.00000015
2000,37,USA,0.00000001,0.00000045
2000,37,JOR,0.00000000,0.00000010
2000,37,NLD,0.00000000,0.00000002
2000,38,JOR,0.00000047,0.00072653
2000,38,DEU,0.00000044,0.00064110
2000,38,FRA,0.00000021,0.00009843
2000,38,EGY,0.00000005,0.00002289
2000,38,GRC,0.00000002,0.00000004
2000,38,Other,0.00000001,0.00000114
2000,39,JOR,0.00000144,0.00119522
2000,39,FRA,0.00000054,0.00026200
2000,39,EGY,0.00000026,0.00007190
2000,39,KOR,0.00000023,0.00030000
2000,39,DEU,0.00000020,0.00002365
2000,39,Other,0.00000036,0.00020042
2000,40,CHN,0.00000019,0.00008954
2000,40,IRL,0.00000010,0.00005900
2000,40,FRA,0.00000007,0.00001830
2000,40,EGY,0.00000007,0.00001197
2000,40,DEU,0.00000006,0.00000975
2000,40,Other,0.00000017,0.00005671
2000,41,EGY,0.00000000,0.00000006
2000,42,CHN,0.00000006,0.00001023
2000,42,JOR,0.00000001,0.00000191
2000,42,CHE,0.00000000,0.00000048
2000,42,IDN,0.00000000,0.00000043
2000,42,ITA,0.00000000,0.00000017
2000,42,Other,0.00000000,0.00000015
2000,44,CHN,0.00000012,0.00056107
2000,44,JOR,0.00000003,0.00003560
2000,44,EGY,0.00000002,0.00003918
2000,44,USA,0.00000002,0.00000458
2000,44,IDN,0.00000000,0.00000287
2000,44,Other,0.00000000,0.00000005
2000,45,DEU,0.00000000,0.00000020
2000,46,EGY,0.00000001,0.00000418
2000,46,CHN,0.00000001,0.00000248
2000,46,JOR,0.00000001,0.00000981
2000,48,POL,0.00000317,0.00680791
2000,48,JOR,0.00000120,0.00083338
2000,48,IDN,0.00000020,0.00032487
2000,48,FIN,0.00000007,0.00006538
2000,48,EGY,0.00000005,0.00004133
2000,48,Other,0.00000007,0.00011618
2000,49,POL,0.00000029,0.00000275
2000,49,JOR,0.00000014,0.00011915
2000,49,EGY,0.00000007,0.00000845
2000,49,FRA,0.00000001,0.00000050
2000,49,DEU,0.00000001,0.00000020
2000,49,Other,0.00000001,0.00000155
2000,51,JOR,0.00000002,0.00000726
2000,52,USA,0.00000006,0.00010643
2000,52,PRY,0.00000006,0.00006754
2000,52,EGY,0.00000003,0.00000565
2000,54,KOR,0.00000021,0.00005174
2000,54,JOR,0.00000006,0.00003122
2000,54,IDN,0.00000005,0.00000767
2000,54,NLD,0.00000000,0.00000033
2000,55,CHN,0.00000009,0.00001936
2000,55,TUR,0.00000007,0.00001983
2000,55,JOR,0.00000005,0.00001414
2000,55,KOR,0.00000001,0.00000148
2000,55,EGY,0.00000001,0.00000144
2000,56,JOR,0.00000001,0.00000563
2000,56,DEU,0.00000000,0.00000040
2000,56,EGY,0.00000000,0.00000017
2000,57,JOR,0.00000016,0.00014838
2000,57,NLD,0.00000004,0.00001393
2000,57,TUR,0.00000004,0.00001530
2000,57,EGY,0.00000001,0.00000211
2000,57,IDN,0.00000001,0.00000517
2000,57,Other,0.00000000,0.00000055
2000,58,TUR,0.00000001,0.00000110
2000,58,KOR,0.00000001,0.00000020
2000,58,CHN,0.00000000,0.00000074
2000,58,JOR,0.00000000,0.00000104
2000,58,DEU,0.00000000,0.00000020
2000,58,Other,0.00000000,0.00000001
2000,59,DEU,0.00000002,0.00000068
2000,59,EGY,0.00000000,0.00000000
2000,60,IDN,0.00000002,0.00000147
2000,60,CHN,0.00000001,0.00000390
2000,60,DEU,0.00000001,0.00000080
2000,60,EGY,0.00000001,0.00000272
2000,60,KOR,0.00000001,0.00000074
2000,61,CHN,0.00000088,0.00005815
2000,61,JOR,0.00000025,0.00003155
2000,61,KOR,0.00000023,0.00001620
2000,61,EGY,0.00000020,0.00001069
2000,61,IDN,0.00000004,0.00000643
2000,61,Other,0.00000001,0.00000041
2000,62,JOR,0.00000172,0.00008632
2000,62,CHN,0.00000030,0.00002327
2000,62,IDN,0.00000002,0.00000422
2000,62,EGY,0.00000001,0.00000034
2000,62,TUR,0.00000000,0.00000018
2000,62,Other,0.00000000,0.00000002
2000,63,CHN,0.00000008,0.00001031
2000,63,EGY,0.00000005,0.00001147
2000,63,JOR,0.00000002,0.00000411
2000,63,IDN,0.00000002,0.00000620
2000,63,TUR,0.00000001,0.00000773
2000,63,Other,0.00000001,0.00000515
2000,64,IDN,0.00000011,0.00000969
2000,64,CHN,0.00000010,0.00000866
2000,64,ESP,0.00000009,0.00000546
2000,64,JOR,0.00000009,0.00005727
2000,64,EGY,0.00000005,0.00000545
2000,64,Other,0.00000002,0.00000176
2000,65,JOR,0.00000005,0.00000312
2000,65,CHN,0.00000003,0.00000122
2000,65,EGY,0.00000000,0.00000003
2000,66,CHN,0.00000004,0.00000692
2000,66,EGY,0.00000000,0.00000002
2000,67,CHN,0.00000001,0.00000250
2000,68,JOR,0.00000014,0.00031184
2000,68,TUR,0.00000003,0.00004179
2000,68,ITA,0.00000003,0.00004084
2000,68,EGY,0.00000000,0.00000497
2000,68,FRA,0.00000000,0.00000080
2000,69,CHN,0.00000018,0.00019313
2000,69,TUR,0.00000015,0.00052451
2000,69,JOR,0.00000009,0.00058827
2000,69,ITA,0.00000004,0.00004476
2000,69,ESP,0.00000004,0.00019000
2000,69,Other,0.00000004,0.00001581
2000,70,JOR,0.00000019,0.00024248
2000,70,EGY,0.00000017,0.00022124
2000,70,TUR,0.00000013,0.00018043
2000,70,CHN,0.00000007,0.00010100
2000,70,FRA,0.00000005,0.00005130
2000,70,Other,0.00000008,0.00014386
2000,71,USA,0.00000807,0.00000001
2000,71,POL,0.00000068,0.00000045
2000,71,EGY,0.00000027,0.00032150
2000,71,TUR,0.00000025,0.00048000
2000,71,JOR,0.00000007,0.00014919
2000,71,Other,0.00000000,0.00000005
2000,72,JOR,0.00000031,0.00118476
2000,72,DEU,0.00000000,0.00000340
2000,72,ITA,0.00000000,0.00000090
2000,72,EGY,0.00000000,0.00000003
2000,73,JOR,0.00000174,0.00129183
2000,73,FRA,0.00000042,0.00028996
2000,73,CHN,0.00000034,0.00039701
2000,73,EGY,0.00000023,0.00006148
2000,73,TUR,0.00000018,0.00019327
2000,73,Other,0.00000022,0.00022015
2000,74,FRA,0.00000007,0.00000780
2000,74,EGY,0.00000001,0.00000129
2000,74,CHN,0.00000001,0.00000183
2000,74,SWE,0.00000000,0.00000100
2000,76,JOR,0.00000330,0.00123952
2000,76,EGY,0.00000021,0.00006142
2000,76,IDN,0.00000013,0.00006407
2000,76,DEU,0.00000006,0.00000770
2000,76,CHN,0.00000005,0.00002043
2000,76,Other,0.00000004,0.00000372
2000,78,DEU,0.00000001,0.00001910
2000,80,JOR,0.00000032,0.00013882
2000,81,EGY,0.00000000,0.00000011
2000,82,CHN,0.00000008,0.00003798
2000,82,JOR,0.00000005,0.00000830
2000,82,EGY,0.00000003,0.00000288
2000,82,ITA,0.00000003,0.00000370
2000,82,DEU,0.00000001,0.00000067
2000,82,Other,0.00000001,0.00000480
2000,83,JOR,0.00000011,0.00004761
2000,83,FRA,0.00000005,0.00000680
2000,83,CHN,0.00000004,0.00003361
2000,83,EGY,0.00000003,0.00000284
2000,83,DEU,0.00000002,0.00000220
2000,83,Other,0.00000002,0.00000697
2000,84,SWE,0.00000790,0.00033700
2000,84,FRA,0.00000320,0.00014540
2000,84,JOR,0.00000252,0.00036034
2000,84,DEU,0.00000194,0.00008670
2000,84,ESP,0.00000181,0.00018477
2000,84,Other,0.00000555,0.00073552
2000,85,DEU,0.00000173,0.00002691
2000,85,JOR,0.00000071,0.00017318
2000,85,FRA,0.00000050,0.00000791
2000,85,NLD,0.00000023,0.00001015
2000,85,CHN,0.00000016,0.00001912
2000,85,Other,0.00000073,0.00011738
2000,86,FRA,0.00000001,0.00001320
2000,86,EGY,0.00000000,0.00000000
2000,87,DEU,0.00002057,0.00238991
2000,87,KOR,0.00000806,0.00121928
2000,87,ESP,0.00000347,0.00053931
2000,87,ITA,0.00000200,0.00031334
2000,87,FRA,0.00000071,0.00009262
2000,87,Other,0.00000100,0.00015169
2000,88,NLD,0.00000041,0.00000030
2000,88,JOR,0.00000038,0.00000206
2000,88,TUR,0.00000000,0.00000012
2000,88,FRA,0.00000000,0.00000000
2000,90,DEU,0.00000174,0.00002494
2000,90,NLD,0.00000041,0.00000332
2000,90,USA,0.00000022,0.00000202
2000,90,EGY,0.00000019,0.00006545
2000,90,FRA,0.00000017,0.00000899
2000,90,Other,0.00000031,0.00008359
2000,91,CHE,0.00000053,0.00000003
2000,91,JOR,0.00000005,0.00000031
2000,91,CHN,0.00000001,0.00000450
2000,92,EGY,0.00000000,0.00000002
2000,94,JOR,0.00000128,0.00077040
2000,94,EGY,0.00000037,0.00011555
2000,94,CHN,0.00000017,0.00003745
2000,94,ITA,0.00000008,0.00001848
2000,94,TUR,0.00000006,0.00001513
2000,94,Other,0.00000015,0.00006434
2000,95,ESP,0.00000033,0.00004186
2000,95,FRA,0.00000030,0.00001280
2000,95,CHN,0.00000006,0.00001521
2000,95,EGY,0.00000001,0.00000166
2000,95,JOR,0.00000000,0.00000138
2000,96,POL,0.00000019,0.00000036
2000,96,FRA,0.00000016,0.00004000
2000,96,CHN,0.00000011,0.00002630
2000,96,JOR,0.00000006,0.00002688
2000,96,KOR,0.00000001,0.00000074
2000,96,Other,0.00000002,0.00000385
2000,97,FRA,0.00000016,0.00000580
2001,10,AUS,0.00000320,0.00470557
2001,10,EGY,0.00000146,0.00438035
2001,10,ITA,0.00000101,0.00232794
2001,10,USA,0.00000001,0.00000014
2001,11,FRA,0.00000172,0.00694400
2001,11,NLD,0.00000083,0.00572918
2001,11,EGY,0.00000009,0.00020196
2001,11,TUR,0.00000004,0.00021600
2001,11,ESP,0.00000002,0.00009500
2001,12,EGY,0.00000010,0.00006254
2001,12,JOR,0.00000004,0.00005440
2001,12,USA,0.00000002,0.00004245
2001,12,DNK,0.00000001,0.00000100
2001,12,TUR,0.00000000,0.00000100
2001,13,EGY,0.00000011,0.00000000
2001,14,EGY,0.00000001,0.00001148
2001,15,JOR,0.00000027,0.00046539
2001,15,TUR,0.00000021,0.00035300
2001,15,IDN,0.00000009,0.00024926
2001,15,EGY,0.00000003,0.00009912
2001,15,NLD,0.00000002,0.00003040
2001,16,PRT,0.00000003,0.00002062
2001,17,EGY,0.00000052,0.00029308
2001,17,FRA,0.00000041,0.00169880
2001,17,JOR,0.00000032,0.00019511
2001,17,TUR,0.00000031,0.00022751
2001,17,GBR,0.00000009,0.00002299
2001,17,Other,0.00000013,0.00007501
2001,18,TUR,0.00000099,0.00061869
2001,18,JOR,0.00000046,0.00017996
2001,18,POL,0.00000035,0.00005977
2001,18,IDN,0.00000019,0.00018000
2001,18,ITA,0.00000018,0.00004376
2001,18,Other,0.00000011,0.00002918
2001,19,TUR,0.00000200,0.00185549
2001,19,JOR,0.00000041,0.00030804
2001,19,NLD,0.00000032,0.00004662
2001,19,ITA,0.00000019,0.00002434
2001,19,EGY,0.00000005,0.00002155
2001,19,Other,0.00000002,0.00001180
2001,20,CHN,0.00000056,0.00036508
2001,20,POL,0.00000032,0.00070931
2001,20,JOR,0.00000018,0.00042765
2001,20,NZL,0.00000014,0.00010022
2001,20,USA,0.00000001,0.00001677
2001,20,Other,0.00000001,0.00001002
2001,21,DNK,0.00000063,0.00043961
2001,21,EGY,0.00000021,0.00007079
2001,21,GBR,0.00000014,0.00002073
2001,21,ESP,0.00000014,0.00002378
2001,21,JOR,0.00000006,0.00002766
2001,21,Other,0.00000005,0.00003711
2001,22,POL,0.00000099,0.00065100
2001,22,JOR,0.00000019,0.00067027
2001,22,EGY,0.00000007,0.00024716
2001,24,DEU,0.00000037,0.00005880
2001,24,JOR,0.00000012,0.00002062
2001,25,JOR,0.00000668,0.18222599
2001,25,IDN,0.00000029,0.01300000
2001,25,EGY,0.00000012,0.00082349
2001,25,CHN,0.00000001,0.00012000
2001,27,JOR,0.00000004,0.00013480
2001,27,DEU,0.00000002,0.00002700
2001,27,USA,0.00000001,0.00001559
2001,27,EGY,0.00000001,0.00009977
2001,27,FIN,0.00000001,0.00006200
2001,28,USA,0.00000052,0.00091116
2001,28,JOR,0.00000033,0.00313406
2001,28,EGY,0.00000002,0.00000610
2001,28,CHN,0.00000001,0.00002100
2001,28,DEU,0.00000001,0.00000020
2001,28,Other,0.00000000,0.00001764
2001,29,NLD,0.00000013,0.00006000
2001,29,JOR,0.00000011,0.00013200
2001,29,DEU,0.00000001,0.00000021
2001,29,CHN,0.00000000,0.00000000
2001,30,JOR,0.00000097,0.00011057
2001,30,CHE,0.00000056,0.00000247
2001,30,FRA,0.00000046,0.00005500
2001,30,EGY,0.00000041,0.00000000
2001,30,DEU,0.00000036,0.00002664
2001,30,Other,0.00000040,0.00003921
2001,31,JOR,0.00000008,0.00005427
2001,31,EGY,0.00000007,0.00069139
2001,31,FRA,0.00000001,0.00002100
2001,32,JOR,0.00000255,0.00246349
2001,32,NLD,0.00000018,0.00003889
2001,32,EGY,0.00000005,0.00001867
2001,32,ITA,0.00000001,0.00001261
2001,32,FRA,0.00000001,0.00000090
2001,32,Other,0.00000000,0.00000096
2001,33,DEU,0.00000017,0.00001180
2001,33,FRA,0.00000005,0.00000990
2001,33,JOR,0.00000003,0.00000380
2001,33,ITA,0.00000001,0.00000723
2001,33,USA,0.00000001,0.00000053
2001,33,Other,0.00000001,0.00000254
2001,34,JOR,0.00000010,0.00023757
2001,34,CHN,0.00000004,0.00004948
2001,34,EGY,0.00000003,0.00003156
2001,34,DEU,0.00000002,0.00000780
2001,34,IDN,0.00000001,0.00000715
2001,35,CHN,0.00000000,0.00000100
2001,37,CHN,0.00000000,0.00000055
2001,37,NLD,0.00000000,0.00000002
2001,37,JOR,0.00000000,0.00000002
2001,38,DEU,0.00000043,0.00015340
2001,38,ITA,0.00000037,0.00000055
2001,38,JOR,0.00000032,0.00032056
2001,38,CHN,0.00000022,0.00011198
2001,38,FRA,0.00000002,0.00000040
2001,38,Other,0.00000004,0.00002201
2001,39,JOR,0.00000123,0.00107092
2001,39,DEU,0.00000023,0.00000990
2001,39,CHN,0.00000020,0.00016857
2001,39,EGY,0.00000019,0.00004737
2001,39,NLD,0.00000017,0.00014122
2001,39,Other,0.00000016,0.00007846
2001,40,USA,0.00000044,0.00013751
2001,40,EGY,0.00000020,0.00005747
2001,40,NLD,0.00000009,0.00002474
2001,40,FRA,0.00000009,0.00002630
2001,40,DNK,0.00000008,0.00003439
2001,40,Other,0.00000016,0.00004977
2001,41,EGY,0.00000002,0.00000144
2001,41,JOR,0.00000001,0.00000525
2001,42,CHN,0.00000008,0.00000870
2001,42,EGY,0.00000001,0.00000032
2001,42,JOR,0.00000000,0.00000014
2001,42,NLD,0.00000000,0.00000010
2001,42,CHE,0.00000000,0.00000029
2001,42,Other,0.00000000,0.00000000
2001,44,CHN,0.00000009,0.00010204
2001,44,EGY,0.00000001,0.00002445
2001,44,JOR,0.00000001,0.00000853
2001,44,CHE,0.00000000,0.00000001
2001,44,CZE,0.00000000,0.00000111
2001,46,JOR,0.00000003,0.00002933
2001,46,IDN,0.00000002,0.00002980
2001,46,EGY,0.00000001,0.00000235
2001,46,CHN,0.00000000,0.00000405
2001,48,POL,0.00000211,0.00450520
2001,48,JOR,0.00000122,0.00080444
2001,48,IDN,0.00000012,0.00009193
2001,48,FIN,0.00000008,0.00008975
2001,48,EGY,0.00000002,0.00001991
2001,48,Other,0.00000004,0.00010887
2001,49,POL,0.00000067,0.00001666
2001,49,JOR,0.00000033,0.00007810
2001,49,EGY,0.00000022,0.00004722
2001,49,USA,0.00000001,0.00000149
2001,49,DEU,0.00000001,0.00000078
2001,49,Other,0.00000001,0.00000177
2001,51,ITA,0.00000000,0.00001319
2001,52,PRY,0.00000079,0.00100666
2001,52,JOR,0.00000005,0.00001558
2001,52,TUR,0.00000003,0.00001886
2001,52,NLD,0.00000001,0.00000069
2001,52,EGY,0.00000000,0.00000003
2001,54,IDN,0.00000017,0.00021072
2001,54,JOR,0.00000006,0.00003196
2001,54,KOR,0.00000001,0.00000179
2001,54,ITA,0.00000000,0.00000128
2001,55,JOR,0.00000006,0.00001629
2001,55,DEU,0.00000001,0.00000390
2001,55,EGY,0.00000000,0.00000001
2001,56,JOR,0.00000001,0.00000400
2001,56,CHN,0.00000001,0.00000430
2001,56,EGY,0.00000001,0.00000154
2001,57,NLD,0.00000002,0.00000771
2001,57,JOR,0.00000002,0.00000684
2001,57,EGY,0.00000001,0.00000171
2001,58,JOR,0.00000010,0.00001314
2001,58,EGY,0.00000000,0.00000000
2001,58,TUR,0.00000000,0.00000074
2001,58,DEU,0.00000000,0.00000010
2001,59,KOR,0.00000006,0.00001906
2001,59,IDN,0.00000003,0.00000773
2001,59,DEU,0.00000003,0.00001650
2001,59,JOR,0.00000000,0.00000051
2001,60,KOR,0.00000006,0.00001430
2001,60,ITA,0.00000004,0.00001445
2001,60,DEU,0.00000001,0.00000330
2001,60,FRA,0.00000001,0.00000800
2001,60,JOR,0.00000000,0.00000030
2001,60,Other,0.00000000,0.00000002
2001,61,CHN,0.00000044,0.00003065
2001,61,GBR,0.00000008,0.00000350
2001,61,EGY,0.00000007,0.00000340
2001,61,JOR,0.00000005,0.00000870
2001,61,PRT,0.00000001,0.00000026
2001,61,Other,0.00000001,0.00000087
2001,62,JOR,0.00000122,0.00006307
2001,62,CHN,0.00000027,0.00001408
2001,62,BGD,0.00000023,0.00001051
2001,62,IDN,0.00000017,0.00001639
2001,62,KOR,0.00000008,0.00000787
2001,62,Other,0.00000005,0.00000224
2001,63,CHN,0.00000031,0.00003876
2001,63,JOR,0.00000008,0.00003948
2001,63,EGY,0.00000007,0.00000974
2001,64,CHN,0.00000025,0.00002582
2001,64,IDN,0.00000007,0.00000430
2001,64,EGY,0.00000002,0.00000208
2001,64,JOR,0.00000002,0.00000391
2001,65,CHN,0.00000001,0.00000054
2001,66,CHN,0.00000000,0.00000042
2001,67,CHN,0.00000006,0.00002616
2001,68,JOR,0.00000005,0.00025224
2001,68,EGY,0.00000005,0.00008726
2001,68,CHN,0.00000001,0.00002050
2001,68,DEU,0.00000000,0.00000001
2001,69,CHN,0.00000077,0.00111044
2001,69,TUR,0.00000007,0.00026840
2001,69,EGY,0.00000005,0.00006260
2001,69,ITA,0.00000005,0.00003926
2001,69,JOR,0.00000001,0.00000603
2001,70,TUR,0.00000025,0.00072648
2001,70,JOR,0.00000007,0.00026196
2001,70,EGY,0.00000006,0.00006292
2001,70,IDN,0.00000003,0.00018839
2001,70,DEU,0.00000002,0.00000319
2001,70,Other,0.00000006,0.00005660
2001,71,POL,0.00000044,0.00000021
2001,71,EGY,0.00000016,0.00015536
2001,71,DEU,0.00000004,0.00000003
2001,71,JOR,0.00000004,0.00006422
2001,71,AUS,0.00000002,0.00013240
2001,71,Other,0.00000001,0.00000126
2001,72,TUR,0.00000175,0.01077500
2001,72,JOR,0.00000007,0.00028558
2001,72,EGY,0.00000001,0.00002741
2001,72,IDN,0.00000001,0.00002600
2001,73,JOR,0.00000101,0.00137272
2001,73,CHN,0.00000019,0.00018010
2001,73,EGY,0.00000018,0.00006003
2001,73,TUR,0.00000011,0.00022926
2001,73,DEU,0.00000002,0.00000890
2001,73,Other,0.00000006,0.00011503
2001,74,IDN,0.00000009,0.00000433
2001,74,FRA,0.00000002,0.00000330
2001,75,IDN,0.00000000,0.00000001
2001,76,JOR,0.00000503,0.00196983
2001,76,EGY,0.00000030,0.00008952
2001,76,CHN,0.00000016,0.00003095
2001,76,SAU,0.00000006,0.00003400
2001,76,DNK,0.00000002,0.00000133
2001,76,Other,0.00000003,0.00000528
2001,79,CHN,0.00000002,0.00001040
2001,79,DEU,0.00000000,0.00000031
2001,80,JOR,0.00000008,0.00005964
2001,80,ESP,0.00000005,0.00001400
2001,80,LKA,0.00000001,0.00001250
2001,81,POL,0.00000007,0.00002010
2001,82,DEU,0.00000005,0.00000606
2001,82,EGY,0.00000004,0.00000121
2001,82,JOR,0.00000004,0.00002486
2001,82,FRA,0.00000002,0.00000180
2001,82,CHN,0.00000002,0.00001180
2001,82,Other,0.00000001,0.00000945
2001,83,CHN,0.00000004,0.00004523
2001,83,IDN,0.00000003,0.00002160
2001,83,FRA,0.00000002,0.00000670
2001,83,DEU,0.00000001,0.00000105
2001,83,ITA,0.00000001,0.00000054
2001,83,Other,0.00000000,0.00000041
2001,84,FRA,0.00000259,0.00010649
2001,84,DEU,0.00000134,0.00020119
2001,84,JOR,0.00000096,0.00017474
2001,84,NLD,0.00000079,0.00004302
2001,84,KOR,0.00000046,0.00008017
2001,84,Other,0.00000116,0.00022129
2001,85,JOR,0.00000087,0.00028334
2001,85,CHN,0.00000033,0.00004530
2001,85,DEU,0.00000030,0.00000436
2001,85,KOR,0.00000026,0.00007396
2001,85,IDN,0.00000013,0.00010029
2001,85,Other,0.00000053,0.00003960
2001,87,DEU,0.00000659,0.00081300
2001,87,CZE,0.00000089,0.00012850
2001,87,USA,0.00000076,0.00006403
2001,87,ITA,0.00000073,0.00011734
2001,87,JOR,0.00000060,0.00007084
2001,87,Other,0.00000112,0.00020198
2001,88,NLD,0.00000006,0.00000011
2001,88,JOR,0.00000005,0.00000072
2001,90,DEU,0.00000162,0.00001527
2001,90,NLD,0.00000070,0.00001104
2001,90,JOR,0.00000043,0.00006128
2001,90,EGY,0.00000042,0.00016896
2001,90,USA,0.00000029,0.00000285
2001,90,Other,0.00000059,0.00013594
2001,91,CHE,0.00000015,0.00000001
2001,91,JOR,0.00000004,0.00004608
2001,91,CHN,0.00000002,0.00000971
2001,91,DEU,0.00000001,0.00000010
2001,91,IDN,0.00000001,0.00002795
2001,91,Other,0.00000000,0.00000003
2001,94,JOR,0.00000100,0.00074242
2001,94,CHN,0.00000022,0.00009805
2001,94,DEU,0.00000009,0.00000740
2001,94,KOR,0.00000006,0.00001598
2001,94,EGY,0.00000005,0.00001090
2001,94,Other,0.00000015,0.00003215
2001,95,CHN,0.00000002,0.00000528
2001,95,JOR,0.00000001,0.00001013
2001,95,EGY,0.00000001,0.00000076
2001,95,USA,0.00000000,0.00000048
2001,96,POL,0.00000007,0.00000012
2001,96,CHN,0.00000006,0.00002699
2001,96,JOR,0.00000005,0.00002590
2001,96,FRA,0.00000004,0.00000500
2001,96,ITA,0.00000001,0.00000180
2001,96,Other,0.00000001,0.00000361
2001,97,FRA,0.00000026,0.00002910
2001,97,JOR,0.00000000,0.00000151
2001,97,EGY,0.00000000,0.00000000
2002,10,AUS,0.00000233,0.00347216
2002,10,ITA,0.00000174,0.00378503
2002,10,EGY,0.00000073,0.00178985
2002,10,SAU,0.00000013,0.00043000
2002,10,JOR,0.00000006,0.00025000
2002,11,FRA,0.00000147,0.00553000
2002,11,BEL,0.00000118,0.00740000
2002,11,EGY,0.00000049,0.00161864
2002,11,TUR,0.00000042,0.00246250
2002,11,ITA,0.00000003,0.00015695
2002,11,Other,0.00000001,0.00003800
2002,12,EGY,0.00000007,0.00004355
2002,12,JOR,0.00000002,0.00002560
2002,12,DEU,0.00000001,0.00000040
2002,13,EGY,0.00000008,0.00000834
2002,14,EGY,0.00000002,0.00002382
2002,14,CHN,0.00000000,0.00001708
2002,15,TUR,0.00000035,0.00052498
2002,15,JOR,0.00000030,0.00060917
2002,15,IDN,0.00000009,0.00021264
2002,15,MYS,0.00000009,0.00015360
2002,15,EGY,0.00000005,0.00001760
2002,15,Other,0.00000001,0.00001430
2002,16,NZL,0.00000022,0.00006150
2002,17,EGY,0.00000063,0.00100108
2002,17,BEL,0.00000043,0.00197800
2002,17,JOR,0.00000024,0.00015657
2002,17,CHN,0.00000018,0.00014497
2002,17,FRA,0.00000017,0.00064500
2002,17,Other,0.00000020,0.00036660
2002,18,TUR,0.00000108,0.00072213
2002,18,JOR,0.00000044,0.00020643
2002,18,POL,0.00000038,0.00005795
2002,18,ITA,0.00000019,0.00004356
2002,18,IRL,0.00000002,0.00000810
2002,18,Other,0.00000002,0.00000480
2002,19,TUR,0.00000136,0.00144545
2002,19,NLD,0.00000048,0.00006818
2002,19,JOR,0.00000040,0.00081585
2002,19,EGY,0.00000017,0.00008392
2002,19,ITA,0.00000017,0.00005313
2002,19,Other,0.00000027,0.00031611
2002,20,EGY,0.00000032,0.00018478
2002,20,JOR,0.00000019,0.00057560
2002,20,POL,0.00000015,0.00029155
2002,20,NLD,0.00000003,0.00004800
2002,20,DEU,0.00000003,0.00000660
2002,21,DNK,0.00000064,0.00045478
2002,21,JOR,0.00000059,0.00044811
2002,21,ESP,0.00000011,0.00001843
2002,21,EGY,0.00000007,0.00002503
2002,21,IDN,0.00000005,0.00002100
2002,21,Other,0.00000002,0.00000917
2002,22,POL,0.00000121,0.00070787
2002,22,JOR,0.00000016,0.00087475
2002,22,EGY,0.00000008,0.00020970
2002,22,DEU,0.00000005,0.00001050
2002,22,AUT,0.00000002,0.00008590
2002,22,Other,0.00000001,0.00004160
2002,24,CHE,0.00000035,0.00003757
2002,24,DEU,0.00000006,0.00001170
2002,24,ITA,0.00000003,0.00001920
2002,24,EGY,0.00000000,0.00000008
2002,25,JOR,0.00000672,0.18233456
2002,25,EGY,0.00000058,0.00730504
2002,25,ITA,0.00000001,0.00004000
2002,25,FRA,0.00000000,0.00000020
2002,27,EGY,0.00000003,0.00016139
2002,27,NLD,0.00000002,0.00001230
2002,27,CHN,0.00000001,0.00019226
2002,27,JOR,0.00000001,0.00002741
2002,27,FIN,0.00000000,0.00002300
2002,28,JOR,0.00000015,0.00177122
2002,28,CHN,0.00000004,0.00011600
2002,28,EGY,0.00000001,0.00002561
2002,28,IDN,0.00000000,0.00004200
2002,28,DEU,0.00000000,0.00000020
2002,29,CHN,0.00000022,0.00004864
2002,29,ESP,0.00000001,0.00000009
2002,29,IDN,0.00000001,0.00001980
2002,29,DEU,0.00000001,0.00000031
2002,29,SVK,0.00000000,0.00000030
2002,29,Other,0.00000000,0.00000000
2002,30,JOR,0.00000208,0.00017682
2002,30,EGY,0.00000172,0.00000366
2002,30,CHE,0.00000166,0.00000562
2002,30,DEU,0.00000062,0.00024107
2002,30,FRA,0.00000052,0.00002816
2002,30,Other,0.00000069,0.00040649
2002,31,JOR,0.00000003,0.00001775
2002,31,NLD,0.00000001,0.00002200
2002,32,JOR,0.00000287,0.00292539
2002,32,NLD,0.00000065,0.00011776
2002,32,ITA,0.00000002,0.00001647
2002,32,EGY,0.00000002,0.00000920
2002,32,BEL,0.00000002,0.00001600
2002,32,Other,0.00000001,0.00000200
2002,33,DEU,0.00000039,0.00005940
2002,33,JOR,0.00000017,0.00004158
2002,33,FRA,0.00000011,0.00001420
2002,33,ITA,0.00000002,0.00000970
2002,33,NLD,0.00000002,0.00000144
2002,33,Other,0.00000003,0.00000292
2002,34,JOR,0.00000019,0.00026744
2002,34,EGY,0.00000009,0.00005786
2002,34,DEU,0.00000008,0.00004720
2002,34,BEL,0.00000007,0.00009900
2002,34,TUR,0.00000002,0.00001610
2002,34,Other,0.00000000,0.00000129
2002,35,ITA,0.00000002,0.00001469
2002,35,JOR,0.00000001,0.00000806
2002,35,CHN,0.00000001,0.00000625
2002,35,IDN,0.00000000,0.00001600
2002,35,TUR,0.00000000,0.00000044
2002,37,CHN,0.00000001,0.00000012
2002,38,DEU,0.00000060,0.00026960
2002,38,JOR,0.00000054,0.00057687
2002,38,ITA,0.00000002,0.00001719
2002,38,CHN,0.00000002,0.00002727
2002,38,NLD,0.00000001,0.00000283
2002,38,Other,0.00000001,0.00000000
2002,39,JOR,0.00000098,0.00094462
2002,39,CHN,0.00000013,0.00011846
2002,39,DEU,0.00000013,0.00000580
2002,39,EGY,0.00000010,0.00006564
2002,39,POL,0.00000008,0.00000565
2002,39,Other,0.00000013,0.00009002
2002,40,NLD,0.00000023,0.00009524
2002,40,JOR,0.00000021,0.00011610
2002,40,CHN,0.00000020,0.00007317
2002,40,KOR,0.00000005,0.00002415
2002,40,EGY,0.00000005,0.00003015
2002,40,Other,0.00000012,0.00006307
2002,41,EGY,0.00000000,0.00000005
2002,42,CHN,0.00000005,0.00000554
2002,42,IDN,0.00000000,0.00000193
2002,42,NLD,0.00000000,0.00000009
2002,44,CHN,0.00000013,0.00014707
2002,44,DEU,0.00000004,0.00009000
2002,44,JOR,0.00000003,0.00002210
2002,44,IDN,0.00000000,0.00000874
2002,44,EGY,0.00000000,0.00000079
2002,45,EGY,0.00000000,0.00000001
2002,46,JOR,0.00000003,0.00003477
2002,46,EGY,0.00000002,0.00000374
2002,46,CHN,0.00000002,0.00000692
2002,46,IDN,0.00000000,0.00000006
2002,48,JOR,0.00000120,0.00129762
2002,48,POL,0.00000111,0.00156627
2002,48,DEU,0.00000011,0.00026500
2002,48,FIN,0.00000008,0.00009074
2002,48,EGY,0.00000005,0.00002095
2002,48,Other,0.00000003,0.00005405
2002,49,POL,0.00000081,0.00002308
2002,49,FRA,0.00000051,0.00001110
2002,49,EGY,0.00000009,0.00001145
2002,49,JOR,0.00000008,0.00005016
2002,49,IDN,0.00000001,0.00001267
2002,49,Other,0.00000001,0.00000102
2002,51,KOR,0.00000001,0.00000040
2002,52,JOR,0.00000006,0.00004583
2002,52,EGY,0.00000000,0.00000233
2002,53,EGY,0.00000002,0.00001406
2002,54,JOR,0.00000016,0.00009477
2002,54,IDN,0.00000001,0.00000177
2002,54,KOR,0.00000001,0.00000034
2002,55,DEU,0.00000002,0.00000120
2002,56,CHN,0.00000001,0.00001200
2002,57,BEL,0.00000023,0.00005695
2002,57,JOR,0.00000006,0.00006047
2002,57,EGY,0.00000001,0.00000226
2002,57,DEU,0.00000000,0.00000021
2002,58,JOR,0.00000004,0.00001278
2002,59,CHN,0.00000009,0.00001913
2002,59,DEU,0.00000001,0.00000023
2002,59,JOR,0.00000001,0.00000607
2002,59,BEL,0.00000000,0.00000022
2002,60,DEU,0.00000005,0.00000010
2002,60,COL,0.00000003,0.00000556
2002,60,JOR,0.00000001,0.00000491
2002,60,CHN,0.00000001,0.00000109
2002,60,IDN,0.00000000,0.00000042
2002,60,Other,0.00000000,0.00000014
2002,61,CHN,0.00000025,0.00001259
2002,61,EGY,0.00000003,0.00000178
2002,61,KOR,0.00000002,0.00000693
2002,61,JOR,0.00000002,0.00000117
2002,61,ITA,0.00000001,0.00000034
2002,61,Other,0.00000001,0.00000052
2002,62,BGD,0.00000013,0.00000772
2002,62,JOR,0.00000012,0.00002292
2002,62,CHN,0.00000008,0.00000300
2002,62,EGY,0.00000003,0.00000131
2002,62,KOR,0.00000003,0.00000398
2002,62,Other,0.00000001,0.00000143
2002,63,EGY,0.00000008,0.00001118
2002,63,IDN,0.00000005,0.00002262
2002,63,KOR,0.00000004,0.00001066
2002,63,BEL,0.00000003,0.00001710
2002,63,JOR,0.00000002,0.00000581
2002,63,Other,0.00000002,0.00001000
2002,64,CHN,0.00000035,0.00004057
2002,64,EGY,0.00000010,0.00001218
2002,64,JOR,0.00000005,0.00000949
2002,64,TUR,0.00000002,0.00000369
2002,64,FRA,0.00000001,0.00000030
2002,64,Other,0.00000001,0.00000321
2002,65,CHN,0.00000001,0.00000027
2002,67,CHN,0.00000004,0.00002491
2002,68,JOR,0.00000015,0.00067084
2002,68,EGY,0.00000002,0.00003283
2002,68,CHN,0.00000001,0.00001973
2002,69,CHN,0.00000064,0.00082107
2002,69,ESP,0.00000046,0.00057899
2002,69,ITA,0.00000006,0.00036450
2002,69,EGY,0.00000006,0.00011227
2002,69,JOR,0.00000004,0.00019279
2002,69,Other,0.00000006,0.00007416
2002,70,TUR,0.00000032,0.00107810
2002,70,JOR,0.00000023,0.00017013
2002,70,EGY,0.00000017,0.00014242
2002,70,CHN,0.00000012,0.00013282
2002,70,DEU,0.00000005,0.00000770
2002,71,POL,0.00000052,0.00000020
2002,71,JOR,0.00000033,0.00000008
2002,71,EGY,0.00000017,0.00018012
2002,71,SAU,0.00000010,0.00029600
2002,71,NLD,0.00000002,0.00002800
2002,71,Other,0.00000002,0.00003465
2002,72,TUR,0.00000096,0.00510578
2002,72,JOR,0.00000017,0.00072633
2002,72,DEU,0.00000002,0.00019920
2002,72,CHN,0.00000001,0.00002000
2002,73,JOR,0.00000030,0.00043082
2002,73,CHN,0.00000021,0.00013489
2002,73,EGY,0.00000017,0.00003669
2002,73,ITA,0.00000016,0.00008054
2002,73,FRA,0.00000003,0.00003650
2002,73,Other,0.00000006,0.00004382
2002,76,JOR,0.00000461,0.00191814
2002,76,EGY,0.00000010,0.00005606
2002,76,SAU,0.00000009,0.00003400
2002,76,DEU,0.00000002,0.00000380
2002,76,ITA,0.00000002,0.00000421
2002,76,Other,0.00000001,0.00000080
2002,80,JOR,0.00000007,0.00018196
2002,80,ESP,0.00000005,0.00001500
2002,81,COL,0.00000000,0.00000026
2002,82,CHN,0.00000006,0.00003683
2002,82,ITA,0.00000005,0.00000319
2002,82,KOR,0.00000003,0.00000057
2002,82,JOR,0.00000002,0.00000861
2002,82,DEU,0.00000002,0.00000093
2002,82,Other,0.00000002,0.00000223
2002,83,ITA,0.00000013,0.00003601
2002,83,EGY,0.00000005,0.00000558
2002,83,FRA,0.00000005,0.00002610
2002,83,JOR,0.00000004,0.00003221
2002,83,CHN,0.00000001,0.00001347
2002,83,Other,0.00000001,0.00000060
2002,84,JOR,0.00000120,0.00023917
2002,84,FRA,0.00000101,0.00005539
2002,84,DEU,0.00000097,0.00003796
2002,84,NLD,0.00000084,0.00001859
2002,84,ITA,0.00000079,0.00008306
2002,84,Other,0.00000122,0.00012734
2002,85,DEU,0.00000245,0.00001840
2002,85,ITA,0.00000220,0.00001344
2002,85,JOR,0.00000036,0.00028031
2002,85,CHN,0.00000034,0.00008792
2002,85,NLD,0.00000007,0.00000309
2002,85,Other,0.00000025,0.00001870
2002,87,DEU,0.00000334,0.00033419
2002,87,ITA,0.00000093,0.00017051
2002,87,FRA,0.00000017,0.00002170
2002,87,ESP,0.00000012,0.00002205
2002,87,CZE,0.00000009,0.00000942
2002,87,Other,0.00000022,0.00005574
2002,88,NLD,0.00000015,0.00000039
2002,88,JOR,0.00000001,0.00000000
2002,90,DEU,0.00000122,0.00002724
2002,90,NLD,0.00000116,0.00001623
2002,90,JOR,0.00000058,0.00014695
2002,90,EGY,0.00000054,0.00015408
2002,90,FRA,0.00000041,0.00002549
2002,90,Other,0.00000070,0.00012633
2002,91,CHN,0.00000002,0.00000231
2002,94,JOR,0.00000089,0.00084579
2002,94,CHN,0.00000022,0.00013018
2002,94,DEU,0.00000007,0.00000440
2002,94,ITA,0.00000006,0.00001079
2002,94,ESP,0.00000005,0.00000452
2002,94,Other,0.00000011,0.00012878
2002,95,EGY,0.00000007,0.00001044
2002,95,POL,0.00000006,0.00000263
2002,95,CHN,0.00000004,0.00000693
2002,96,POL,0.00000012,0.00000014
2002,96,JOR,0.00000006,0.00000825
2002,96,FRA,0.00000005,0.00000640
2002,96,EGY,0.00000003,0.00000318
2002,96,CHN,0.00000002,0.00001161
2002,96,Other,0.00000003,0.00000978
2002,97,DEU,0.00000000,0.00000001
2003,10,AUS,0.00000290,0.00251727
2003,10,EGY,0.00000124,0.00286254
2003,10,ITA,0.00000004,0.00010750
2003,11,EGY,0.00000054,0.00161745
2003,11,TUR,0.00000053,0.00299500
2003,11,ITA,0.00000006,0.00024697
2003,11,JOR,0.00000000,0.00000180
2003,12,USA,0.00000034,0.00002044
2003,12,EGY,0.00000021,0.00012790
2003,12,JOR,0.00000006,0.00009766
2003,12,FRA,0.00000002,0.00000050
2003,12,NLD,0.00000002,0.00001265
2003,12,Other,0.00000003,0.00004064
2003,13,EGY,0.00000000,0.00000000
2003,14,EGY,0.00000003,0.00000099
2003,15,JOR,0.00000177,0.00326939
2003,15,TUR,0.00000077,0.00101058
2003,15,IDN,0.00000029,0.00053612
2003,15,EGY,0.00000014,0.00007431
2003,15,MYS,0.00000009,0.00000014
2003,15,Other,0.00000014,0.00012467
2003,16,DNK,0.00000005,0.00001652
2003,16,JOR,0.00000003,0.00001648
2003,17,EGY,0.00000037,0.00065445
2003,17,JOR,0.00000035,0.00021769
2003,17,BEL,0.00000016,0.00070950
2003,17,CHN,0.00000010,0.00005876
2003,17,FRA,0.00000005,0.00021500
2003,17,Other,0.00000002,0.00006444
2003,18,TUR,0.00000183,0.00109833
2003,18,JOR,0.00000052,0.00030420
2003,18,POL,0.00000049,0.00008281
2003,18,ITA,0.00000021,0.00003981
2003,18,EGY,0.00000010,0.00002805
2003,18,Other,0.00000003,0.00000726
2003,19,TUR,0.00000101,0.00092464
2003,19,JOR,0.00000041,0.00058062
2003,19,ITA,0.00000023,0.00004895
2003,19,NLD,0.00000015,0.00002130
2003,19,EGY,0.00000009,0.00003739
2003,19,Other,0.00000021,0.00037243
2003,20,PRY,0.00000053,0.00033600
2003,20,EGY,0.00000050,0.00019186
2003,20,AUS,0.00000016,0.00009905
2003,20,JOR,0.00000015,0.00037832
2003,20,DEU,0.00000000,0.00000050
2003,21,DNK,0.00000070,0.00048450
2003,21,JOR,0.00000049,0.00023542
2003,21,ESP,0.00000013,0.00001774
2003,21,EGY,0.00000008,0.00002537
2003,21,CHE,0.00000005,0.00000052
2003,21,Other,0.00000013,0.00004528
2003,22,POL,0.00000150,0.00072762
2003,22,JOR,0.00000025,0.00120317
2003,22,DEU,0.00000008,0.00009790
2003,22,FRA,0.00000003,0.00009670
2003,22,EGY,0.00000002,0.00003315
2003,22,Other,0.00000001,0.00000899
2003,24,CHE,0.00000036,0.00003558
2003,24,GBR,0.00000035,0.00002264
2003,24,POL,0.00000007,0.00000218
2003,24,JOR,0.00000001,0.00000500
2003,25,JOR,0.00000371,0.10512071
2003,25,EGY,0.00000306,0.04283318
2003,25,TUR,0.00000002,0.00062500
2003,25,ESP,0.00000000,0.00000054
2003,27,EGY,0.00000023,0.00052622
2003,27,GRC,0.00000010,0.00011561
2003,27,DEU,0.00000002,0.00006530
2003,27,FRA,0.00000001,0.00000910
2003,27,JOR,0.00000001,0.00001153
2003,27,Other,0.00000001,0.00004680
2003,28,JOR,0.00000020,0.00253606
2003,28,GBR,0.00000015,0.00002118
2003,28,CHN,0.00000002,0.00004600
2003,28,DEU,0.00000000,0.00000190
2003,28,EGY,0.00000000,0.00000173
2003,29,CHN,0.00000006,0.00004584
2003,29,DEU,0.00000004,0.00000523
2003,29,EGY,0.00000001,0.00000000
2003,30,CHE,0.00000347,0.00001158
2003,30,FRA,0.00000101,0.00003350
2003,30,EGY,0.00000081,0.00000000
2003,30,DEU,0.00000059,0.00012121
2003,30,JOR,0.00000055,0.00010716
2003,30,Other,0.00000043,0.00012443
2003,31,COL,0.00000003,0.00016900
2003,31,NLD,0.00000001,0.00002200
2003,32,JOR,0.00000379,0.00399296
2003,32,NLD,0.00000063,0.00009174
2003,32,DEU,0.00000017,0.00004611
2003,32,TUR,0.00000003,0.00005119
2003,32,EGY,0.00000001,0.00000210
2003,32,Other,0.00000002,0.00000626
2003,33,DEU,0.00000044,0.00006040
2003,33,GBR,0.00000011,0.00002360
2003,33,JOR,0.00000008,0.00001572
2003,33,EGY,0.00000003,0.00000775
2003,33,ITA,0.00000002,0.00000535
2003,33,Other,0.00000001,0.00000215
2003,34,DEU,0.00000021,0.00016580
2003,34,EGY,0.00000010,0.00005684
2003,34,JOR,0.00000010,0.00023839
2003,34,TUR,0.00000005,0.00005896
2003,34,IDN,0.00000003,0.00004667
2003,34,Other,0.00000004,0.00000607
2003,35,JOR,0.00000004,0.00000117
2003,35,CHN,0.00000000,0.00000150
2003,37,NLD,0.00000001,0.00000034
2003,38,DEU,0.00000069,0.00017830
2003,38,JOR,0.00000052,0.00052415
2003,38,FRA,0.00000023,0.00007210
2003,38,ITA,0.00000009,0.00000341
2003,38,EGY,0.00000006,0.00004291
2003,38,Other,0.00000008,0.00001948
2003,39,EGY,0.00000114,0.00121372
2003,39,JOR,0.00000084,0.00087951
2003,39,DEU,0.00000027,0.00007770
2003,39,CHN,0.00000014,0.00010525
2003,39,TUR,0.00000007,0.00004081
2003,39,Other,0.00000028,0.00008183
2003,40,FRA,0.00000020,0.00009720
2003,40,DNK,0.00000016,0.00008734
2003,40,ESP,0.00000014,0.00002542
2003,40,DEU,0.00000009,0.00001293
2003,40,KOR,0.00000009,0.00003583
2003,40,Other,0.00000016,0.00010194
2003,41,EGY,0.00000000,0.00000001
2003,41,IDN,0.00000000,0.00000006
2003,42,CHN,0.00000004,0.00000448
2003,42,NLD,0.00000000,0.00000004
2003,42,EGY,0.00000000,0.00000008
2003,42,IDN,0.00000000,0.00000030
2003,42,DEU,0.00000000,0.00000006
2003,44,SWE,0.00000131,0.00426700
2003,44,CHN,0.00000014,0.00015527
2003,44,DEU,0.00000008,0.00007190
2003,44,EGY,0.00000003,0.00005263
2003,44,IDN,0.00000002,0.00000097
2003,45,DEU,0.00000000,0.00000012
2003,45,EGY,0.00000000,0.00000014
2003,46,JOR,0.00000008,0.00007886
2003,46,EGY,0.00000003,0.00000658
2003,46,CHN,0.00000002,0.00000710
2003,48,JOR,0.00000107,0.00108588
2003,48,EGY,0.00000013,0.00005567
2003,48,IDN,0.00000010,0.00025081
2003,48,FIN,0.00000007,0.00008626
2003,48,ITA,0.00000004,0.00001504
2003,48,Other,0.00000002,0.00001370
2003,49,POL,0.00000087,0.00002169
2003,49,EGY,0.00000013,0.00001957
2003,49,JOR,0.00000008,0.00005271
2003,49,KOR,0.00000001,0.00000027
2003,49,DEU,0.00000001,0.00000150
2003,49,Other,0.00000000,0.00000037
2003,52,JOR,0.00000003,0.00001709
2003,52,EGY,0.00000003,0.00000391
2003,52,IDN,0.00000002,0.00000149
2003,52,FRA,0.00000001,0.00002390
2003,53,JOR,0.00000001,0.00000732
2003,53,EGY,0.00000001,0.00001200
2003,54,JOR,0.00000014,0.00005935
2003,54,IDN,0.00000007,0.00001631
2003,54,CHN,0.00000002,0.00000189
2003,54,EGY,0.00000001,0.00000040
2003,54,TUR,0.00000000,0.00000005
2003,55,FRA,0.00000004,0.00002000
2003,55,EGY,0.00000001,0.00000038
2003,55,JOR,0.00000001,0.00000153
2003,55,CHN,0.00000000,0.00000023
2003,56,EGY,0.00000001,0.00000711
2003,56,TUR,0.00000001,0.00001012
2003,57,BEL,0.00000011,0.00001936
2003,57,JOR,0.00000007,0.00010615
2003,58,JOR,0.00000001,0.00000800
2003,58,CHN,0.00000000,0.00000172
2003,59,DEU,0.00000015,0.00001503
2003,59,CHN,0.00000003,0.00000802
2003,59,COL,0.00000000,0.00000004
2003,59,JOR,0.00000000,0.00000021
2003,60,JOR,0.00000000,0.00000370
2003,61,CHN,0.00000028,0.00001726
2003,61,JOR,0.00000007,0.00000688
2003,61,EGY,0.00000005,0.00000253
2003,61,IDN,0.00000001,0.00000164
2003,61,KOR,0.00000001,0.00000050
2003,61,Other,0.00000000,0.00000044
2003,62,CHN,0.00000050,0.00001714
2003,62,JOR,0.00000019,0.00004783
2003,62,EGY,0.00000014,0.00000596
2003,62,BGD,0.00000006,0.00000279
2003,62,IDN,0.00000002,0.00000964
2003,62,Other,0.00000001,0.00000152
2003,63,EGY,0.00000016,0.00001423
2003,63,JOR,0.00000007,0.00002886
2003,63,TUR,0.00000005,0.00001176
2003,63,CHN,0.00000002,0.00000613
2003,63,IDN,0.00000001,0.00000171
2003,63,Other,0.00000000,0.00000087
2003,64,CHN,0.00000032,0.00002414
2003,64,EGY,0.00000015,0.00000750
2003,64,IDN,0.00000004,0.00000164
2003,64,TUR,0.00000002,0.00001508
2003,64,JOR,0.00000002,0.00000585
2003,64,Other,0.00000001,0.00000119
2003,67,CHN,0.00000005,0.00003080
2003,68,JOR,0.00000018,0.00069682
2003,68,CHN,0.00000004,0.00013100
2003,68,EGY,0.00000001,0.00001574
2003,68,ITA,0.00000001,0.00002730
2003,68,TUR,0.00000001,0.00009160
2003,68,Other,0.00000001,0.00000200
2003,69,CHN,0.00000092,0.00169538
2003,69,EGY,0.00000022,0.00051307
2003,69,TUR,0.00000005,0.00008301
2003,69,ESP,0.00000003,0.00016625
2003,69,JOR,0.00000003,0.00024669
2003,69,Other,0.00000004,0.00001557
2003,70,TUR,0.00000086,0.00348576
2003,70,CHN,0.00000035,0.00067861
2003,70,EGY,0.00000034,0.00028202
2003,70,DEU,0.00000012,0.00001614
2003,70,JOR,0.00000006,0.00013421
2003,70,Other,0.00000007,0.00004826
2003,71,POL,0.00000122,0.00000040
2003,71,TUR,0.00000064,0.00164948
2003,71,ITA,0.00000035,0.00000003
2003,71,EGY,0.00000034,0.00036240
2003,71,CHN,0.00000008,0.00025896
2003,71,Other,0.00000001,0.00001517
2003,72,JOR,0.00000031,0.00098989
2003,72,EGY,0.00000009,0.00013852
2003,72,IDN,0.00000004,0.00008379
2003,72,DEU,0.00000002,0.00000275
2003,72,GBR,0.00000001,0.00002200
2003,72,Other,0.00000000,0.00000051
2003,73,JOR,0.00000043,0.00042602
2003,73,CHN,0.00000023,0.00023489
2003,73,EGY,0.00000018,0.00004650
2003,73,TUR,0.00000011,0.00027825
2003,73,ITA,0.00000007,0.00002499
2003,73,Other,0.00000006,0.00001001
2003,74,CHN,0.00000005,0.00000981
2003,74,EGY,0.00000001,0.00000273
2003,74,GBR,0.00000001,0.00000100
2003,76,JOR,0.00000542,0.00241707
2003,76,EGY,0.00000036,0.00010337
2003,76,IDN,0.00000003,0.00002033
2003,76,CHE,0.00000003,0.00000309
2003,76,TUR,0.00000002,0.00000405
2003,76,Other,0.00000000,0.00000001
2003,80,JOR,0.00000041,0.00083220
2003,80,TUR,0.00000004,0.00002500
2003,80,EGY,0.00000000,0.00000110
2003,81,TUR,0.00000004,0.00002021
2003,81,EGY,0.00000000,0.00000000
2003,82,ITA,0.00000014,0.00000888
2003,82,CHN,0.00000010,0.00002029
2003,82,COL,0.00000002,0.00000367
2003,82,DEU,0.00000001,0.00000062
2003,82,JOR,0.00000001,0.00000792
2003,82,Other,0.00000003,0.00000154
2003,83,TUR,0.00000004,0.00002292
2003,83,CHN,0.00000003,0.00003430
2003,83,FRA,0.00000002,0.00000650
2003,83,DEU,0.00000002,0.00000192
2003,83,JOR,0.00000001,0.00003468
2003,83,Other,0.00000002,0.00000245
2003,84,DEU,0.00000215,0.00010629
2003,84,NLD,0.00000113,0.00003236
2003,84,CHN,0.00000113,0.00016263
2003,84,JOR,0.00000103,0.00023216
2003,84,FRA,0.00000054,0.00003695
2003,84,Other,0.00000120,0.00020183
2003,85,DEU,0.00000205,0.00001553
2003,85,CHN,0.00000121,0.00026367
2003,85,JOR,0.00000041,0.00041622
2003,85,KOR,0.00000024,0.00000340
2003,85,MYS,0.00000017,0.00000118
2003,85,Other,0.00000032,0.00002593
2003,87,DEU,0.00000271,0.00026613
2003,87,ESP,0.00000229,0.00019924
2003,87,KOR,0.00000080,0.00010986
2003,87,ITA,0.00000071,0.00010334
2003,87,PRT,0.00000031,0.00004265
2003,87,Other,0.00000055,0.00009167
2003,88,NLD,0.00000016,0.00000062
2003,90,DEU,0.00000421,0.00005315
2003,90,NLD,0.00000188,0.00020910
2003,90,EGY,0.00000026,0.00011293
2003,90,JPN,0.00000022,0.00000079
2003,90,JOR,0.00000014,0.00002278
2003,90,Other,0.00000042,0.00001058
2003,91,CHN,0.00000002,0.00000441
2003,91,JOR,0.00000001,0.00002241
2003,91,EGY,0.00000000,0.00000056
2003,92,EGY,0.00000001,0.00000059
2003,92,JOR,0.00000000,0.00000017
2003,92,SVK,0.00000000,0.00000000
2003,94,JOR,0.00000116,0.00093111
2003,94,CHN,0.00000033,0.00013648
2003,94,EGY,0.00000011,0.00003320
2003,94,ITA,0.00000005,0.00001486
2003,94,SVN,0.00000003,0.00000910
2003,94,Other,0.00000003,0.00000649
2003,95,POL,0.00000006,0.00000209
2003,95,DEU,0.00000002,0.00000570
2003,95,CHN,0.00000002,0.00000294
2003,95,EGY,0.00000002,0.00000221
2003,95,SWE,0.00000000,0.00000001
2003,96,POL,0.00000027,0.00000015
2003,96,JOR,0.00000016,0.00008682
2003,96,FRA,0.00000006,0.00000850
2003,96,CHN,0.00000005,0.00001378
2003,96,ITA,0.00000002,0.00000921
2003,96,Other,0.00000001,0.00000118
2003,97,JOR,0.00000000,0.00000042
2003,97,EGY,0.00000000,0.00000000
2003,97,CHN,0.00000000,0.00000001
2004,10,EGY,0.00000467,0.00976882
2004,10,ITA,0.00000004,0.00008226
2004,10,JOR,0.00000001,0.00002000
2004,11,TUR,0.00000096,0.00434352
2004,11,EGY,0.00000039,0.00066125
2004,11,ITA,0.00000011,0.00045600
2004,12,EGY,0.00000020,0.00009736
2004,12,CHN,0.00000008,0.00004018
2004,12,JOR,0.00000007,0.00009329
2004,12,USA,0.00000004,0.00000201
2004,12,FRA,0.00000003,0.00000050
2004,12,Other,0.00000002,0.00000267
2004,13,EGY,0.00000004,0.00000000
2004,13,NLD,0.00000003,0.00000300
2004,14,EGY,0.00000001,0.00000000
2004,15,NLD,0.00000128,0.00157651
2004,15,JOR,0.00000091,0.00167142
2004,15,ARG,0.00000022,0.00029311
2004,15,MYS,0.00000011,0.00021220
2004,15,TUR,0.00000010,0.00012247
2004,15,Other,0.00000006,0.00005443
2004,16,SAU,0.00000003,0.00001000
2004,16,JOR,0.00000002,0.00001875
2004,17,EGY,0.00000027,0.00056081
2004,17,JOR,0.00000025,0.00015670
2004,17,CHN,0.00000010,0.00003915
2004,17,TUR,0.00000009,0.00006187
2004,17,ARG,0.00000002,0.00001335
2004,17,Other,0.00000001,0.00002101
2004,18,TUR,0.00000312,0.00173869
2004,18,JOR,0.00000075,0.00070128
2004,18,ITA,0.00000019,0.00003469
2004,18,NLD,0.00000014,0.00002957
2004,18,BEL,0.00000002,0.00000282
2004,18,Other,0.00000003,0.00000423
2004,19,TUR,0.00000264,0.00181786
2004,19,JOR,0.00000086,0.00158430
2004,19,EGY,0.00000027,0.00010204
2004,19,ITA,0.00000026,0.00006477
2004,19,BEL,0.00000013,0.00035104
2004,19,Other,0.00000031,0.00012569
2004,20,PRY,0.00000346,0.00199952
2004,20,EGY,0.00000070,0.00052606
2004,20,JOR,0.00000025,0.00071030
2004,20,ARG,0.00000004,0.00002311
2004,20,BHR,0.00000002,0.00002500
2004,21,JOR,0.00000113,0.00039484
2004,21,DNK,0.00000035,0.00021082
2004,21,ESP,0.00000028,0.00003674
2004,21,EGY,0.00000007,0.00002344
2004,21,CHN,0.00000005,0.00003150
2004,21,Other,0.00000005,0.00000691
2004,22,JOR,0.00000043,0.00118091
2004,22,EGY,0.00000014,0.00020753
2004,22,CHE,0.00000012,0.00016727
2004,22,TUR,0.00000004,0.00019023
2004,22,FRA,0.00000003,0.00012980
2004,24,CHE,0.00000156,0.00011737
2004,24,GBR,0.00000152,0.00009737
2004,24,FRA,0.00000012,0.00000800
2004,24,JOR,0.00000000,0.00000021
2004,25,JOR,0.00000454,0.11755897
2004,25,EGY,0.00000323,0.02664017
2004,25,CHN,0.00000001,0.00001900
2004,25,ITA,0.00000000,0.00000019
2004,27,EGY,0.00000011,0.00078303
2004,27,JOR,0.00000004,0.00017579
2004,27,FRA,0.00000002,0.00001440
2004,27,DEU,0.00000002,0.00009000
2004,27,TUR,0.00000001,0.00001496
2004,28,JOR,0.00000031,0.00299207
2004,28,CHN,0.00000001,0.00003425
2004,28,DEU,0.00000001,0.00000150
2004,28,EGY,0.00000000,0.00000730
2004,29,EST,0.00000011,0.00010000
2004,29,JOR,0.00000005,0.00007346
2004,29,EGY,0.00000003,0.00000000
2004,29,CHN,0.00000002,0.00001620
2004,29,DEU,0.00000001,0.00000090
2004,30,CHE,0.00000449,0.00001424
2004,30,AUT,0.00000111,0.00001260
2004,30,JOR,0.00000101,0.00014262
2004,30,DEU,0.00000094,0.00043659
2004,30,FRA,0.00000085,0.00002360
2004,30,Other,0.00000118,0.00004208
2004,31,EGY,0.00000000,0.00000327
2004,32,JOR,0.00000431,0.00440469
2004,32,NLD,0.00000012,0.00001207
2004,32,DEU,0.00000008,0.00000241
2004,32,KOR,0.00000005,0.00000173
2004,32,EGY,0.00000003,0.00002020
2004,32,Other,0.00000000,0.00000020
2004,33,DEU,0.00000066,0.00008556
2004,33,FRA,0.00000018,0.00000630
2004,33,EGY,0.00000007,0.00001385
2004,33,ITA,0.00000003,0.00001037
2004,33,JOR,0.00000001,0.00000203
2004,34,JOR,0.00000027,0.00054454
2004,34,EGY,0.00000019,0.00011364
2004,34,TUR,0.00000007,0.00009549
2004,34,DEU,0.00000005,0.00001677
2004,34,CHN,0.00000004,0.00003391
2004,34,Other,0.00000002,0.00002477
2004,35,JOR,0.00000015,0.00004478
2004,35,TUR,0.00000001,0.00001086
2004,35,CHN,0.00000001,0.00000323
2004,35,FRA,0.00000001,0.00000030
2004,37,JOR,0.00000000,0.00000020
2004,38,DEU,0.00000059,0.00004660
2004,38,JOR,0.00000054,0.00052544
2004,38,CHN,0.00000034,0.00012337
2004,38,FRA,0.00000020,0.00003790
2004,38,EGY,0.00000007,0.00004560
2004,38,Other,0.00000008,0.00002459
2004,39,EGY,0.00000639,0.00626111
2004,39,JOR,0.00000104,0.00091783
2004,39,NLD,0.00000057,0.00041490
2004,39,DNK,0.00000037,0.00001926
2004,39,DEU,0.00000031,0.00029840
2004,39,Other,0.00000032,0.00021512
2004,40,JOR,0.00000024,0.00018498
2004,40,EGY,0.00000016,0.00004155
2004,40,NLD,0.00000014,0.00005002
2004,40,CHN,0.00000012,0.00004634
2004,40,FRA,0.00000011,0.00003540
2004,40,Other,0.00000019,0.00004969
2004,41,EGY,0.00000000,0.00000000
2004,41,JOR,0.00000000,0.00000020
2004,42,CHN,0.00000003,0.00000229
2004,42,NLD,0.00000001,0.00000021
2004,42,KOR,0.00000000,0.00000017
2004,42,DEU,0.00000000,0.00000013
2004,42,EGY,0.00000000,0.00000007
2004,42,Other,0.00000000,0.00000009
2004,44,ITA,0.00000013,0.00036282
2004,44,ROU,0.00000006,0.00016472
2004,44,CHE,0.00000002,0.00000133
2004,44,EGY,0.00000002,0.00005520
2004,44,PAN,0.00000002,0.00002100
2004,44,Other,0.00000002,0.00002507
2004,45,DEU,0.00000000,0.00000006
2004,46,JOR,0.00000002,0.00002487
2004,46,EGY,0.00000000,0.00000109
2004,48,JOR,0.00000125,0.00096967
2004,48,JPN,0.00000020,0.00026845
2004,48,EGY,0.00000009,0.00005627
2004,48,CHN,0.00000004,0.00002718
2004,48,ESP,0.00000003,0.00001504
2004,48,Other,0.00000010,0.00006689
2004,49,EGY,0.00000018,0.00002651
2004,49,JOR,0.00000017,0.00003822
2004,49,CHE,0.00000001,0.00000087
2004,49,CHN,0.00000001,0.00000083
2004,49,KOR,0.00000001,0.00000056
2004,49,Other,0.00000002,0.00000056
2004,50,DEU,0.00000000,0.00000001
2004,51,JOR,0.00000000,0.00000004
2004,52,EGY,0.00000002,0.00000198
2004,52,CHN,0.00000000,0.00000009
2004,53,EGY,0.00000001,0.00001121
2004,54,CHN,0.00000027,0.00003677
2004,54,JOR,0.00000008,0.00002488
2004,54,KOR,0.00000006,0.00000702
2004,54,TUR,0.00000003,0.00000905
2004,54,DEU,0.00000000,0.00000040
2004,54,Other,0.00000000,0.00000010
2004,55,CHN,0.00000012,0.00005854
2004,55,JOR,0.00000002,0.00001000
2004,55,DEU,0.00000000,0.00000005
2004,56,CHN,0.00000003,0.00002037
2004,56,JOR,0.00000002,0.00000811
2004,56,ITA,0.00000000,0.00000206
2004,57,JOR,0.00000013,0.00017785
2004,57,BEL,0.00000008,0.00001167
2004,57,IDN,0.00000002,0.00001186
2004,58,CHN,0.00000012,0.00001270
2004,58,TUR,0.00000002,0.00000496
2004,58,ITA,0.00000001,0.00000045
2004,58,EGY,0.00000000,0.00000012
2004,59,CHN,0.00000004,0.00001210
2004,59,EGY,0.00000001,0.00000382
2004,59,DEU,0.00000001,0.00000021
2004,59,KOR,0.00000001,0.00000069
2004,59,JOR,0.00000000,0.00000041
2004,60,KOR,0.00000000,0.00000043
2004,60,JOR,0.00000000,0.00000500
2004,60,CHN,0.00000000,0.00000069
2004,61,CHN,0.00000082,0.00005688
2004,61,JOR,0.00000017,0.00002067
2004,61,KOR,0.00000006,0.00001834
2004,61,EGY,0.00000003,0.00000092
2004,61,TUR,0.00000002,0.00000728
2004,61,Other,0.00000000,0.00000006
2004,62,CHN,0.00000035,0.00001073
2004,62,JOR,0.00000023,0.00003763
2004,62,ITA,0.00000005,0.00000613
2004,62,EGY,0.00000003,0.00000050
2004,62,FRA,0.00000000,0.00000010
2004,63,EGY,0.00000026,0.00005100
2004,63,CHN,0.00000007,0.00001013
2004,63,TUR,0.00000001,0.00000669
2004,63,BEL,0.00000000,0.00000194
2004,63,JOR,0.00000000,0.00000252
2004,63,Other,0.00000000,0.00000022
2004,64,CHN,0.00000064,0.00004997
2004,64,EGY,0.00000017,0.00000570
2004,64,TUR,0.00000004,0.00000836
2004,64,JOR,0.00000002,0.00000520
2004,64,ITA,0.00000001,0.00000515
2004,64,Other,0.00000001,0.00000718
2004,65,CHN,0.00000000,0.00000002
2004,66,CHN,0.00000001,0.00000199
2004,67,CHN,0.00000006,0.00002623
2004,68,EGY,0.00000008,0.00013435
2004,68,JOR,0.00000006,0.00022922
2004,68,ITA,0.00000003,0.00004383
2004,68,KOR,0.00000003,0.00000243
2004,68,CHN,0.00000003,0.00003825
2004,68,Other,0.00000000,0.00002110
2004,69,CHN,0.00000087,0.00164494
2004,69,EGY,0.00000015,0.00031047
2004,69,ITA,0.00000003,0.00002025
2004,69,JOR,0.00000003,0.00017104
2004,69,FRA,0.00000002,0.00000970
2004,69,Other,0.00000003,0.00009916
2004,70,TUR,0.00000057,0.00213115
2004,70,EGY,0.00000042,0.00023775
2004,70,FRA,0.00000012,0.00006080
2004,70,AUT,0.00000012,0.00000020
2004,70,DEU,0.00000011,0.00002580
2004,70,Other,0.00000016,0.00034544
2004,71,EGY,0.00000039,0.00036803
2004,71,TUR,0.00000006,0.00015369
2004,71,JOR,0.00000001,0.00001648
2004,71,CHN,0.00000001,0.00000739
2004,72,JOR,0.00000081,0.00190014
2004,72,KOR,0.00000024,0.00026222
2004,72,EGY,0.00000009,0.00000739
2004,72,CHN,0.00000002,0.00004600
2004,73,CHN,0.00000099,0.00027122
2004,73,EGY,0.00000098,0.00043069
2004,73,JOR,0.00000051,0.00037014
2004,73,ITA,0.00000017,0.00002497
2004,73,KOR,0.00000007,0.00000705
2004,73,Other,0.00000004,0.00000819
2004,74,EGY,0.00000001,0.00000000
2004,74,ITA,0.00000001,0.00000225
2004,76,JOR,0.00000631,0.00286156
2004,76,EGY,0.00000040,0.00014896
2004,76,TUR,0.00000003,0.00000476
2004,76,CHN,0.00000002,0.00000917
2004,76,KOR,0.00000001,0.00000030
2004,76,Other,0.00000000,0.00000050
2004,78,DEU,0.00000000,0.00000025
2004,80,JOR,0.00000063,0.00116694
2004,80,EGY,0.00000001,0.00000441
2004,81,EGY,0.00000000,0.00000077
2004,82,CHN,0.00000014,0.00003866
2004,82,KOR,0.00000008,0.00000664
2004,82,DEU,0.00000001,0.00000302
2004,82,ITA,0.00000001,0.00000003
2004,82,JOR,0.00000001,0.00000414
2004,82,Other,0.00000000,0.00000003
2004,83,CHN,0.00000016,0.00013994
2004,83,ITA,0.00000004,0.00000459
2004,83,TUR,0.00000004,0.00001096
2004,83,JOR,0.00000003,0.00002730
2004,83,DEU,0.00000003,0.00000236
2004,83,Other,0.00000002,0.00000321
2004,84,DEU,0.00000368,0.00030201
2004,84,CHN,0.00000196,0.00024504
2004,84,JOR,0.00000178,0.00034403
2004,84,NLD,0.00000151,0.00003167
2004,84,CZE,0.00000087,0.00002923
2004,84,Other,0.00000332,0.00035088
2004,85,DEU,0.00000310,0.00002548
2004,85,FRA,0.00000228,0.00004501
2004,85,JOR,0.00000097,0.00038864
2004,85,CHN,0.00000066,0.00018236
2004,85,KOR,0.00000052,0.00002299
2004,85,Other,0.00000055,0.00004121
2004,87,DEU,0.00000653,0.00062170
2004,87,KOR,0.00000180,0.00027072
2004,87,GBR,0.00000114,0.00010217
2004,87,TUR,0.00000089,0.00013526
2004,87,CHN,0.00000078,0.00015722
2004,87,Other,0.00000291,0.00028922
2004,88,NLD,0.00000000,0.00000001
2004,90,DEU,0.00000223,0.00003366
2004,90,NLD,0.00000159,0.00010308
2004,90,FRA,0.00000135,0.00001092
2004,90,JPN,0.00000029,0.00000108
2004,90,BEL,0.00000023,0.00002130
2004,90,Other,0.00000098,0.00025110
2004,91,CHE,0.00000263,0.00000010
2004,91,CHN,0.00000002,0.00001332
2004,91,TUR,0.00000000,0.00000006
2004,92,DEU,0.00000002,0.00000100
2004,92,JOR,0.00000000,0.00000050
2004,94,JOR,0.00000127,0.00086895
2004,94,CHN,0.00000022,0.00008295
2004,94,EGY,0.00000014,0.00003817
2004,94,DEU,0.00000010,0.00000787
2004,94,BEL,0.00000004,0.00000675
2004,94,Other,0.00000004,0.00001461
2004,95,EGY,0.00000002,0.00000160
2004,95,ITA,0.00000002,0.00000189
2004,95,JOR,0.00000000,0.00000112
2004,95,CHN,0.00000000,0.00000008
2004,96,JOR,0.00000010,0.00005562
2004,96,CHN,0.00000004,0.00002634
2004,96,ESP,0.00000003,0.00000225
2004,96,KOR,0.00000002,0.00000107
2004,96,EGY,0.00000002,0.00000206
2004,96,Other,0.00000003,0.00001356
2004,97,JOR,0.00000003,0.00000086
2005,10,EGY,0.00000370,0.00805488
2005,10,PAK,0.00000085,0.00400000
2005,11,USA,0.00000288,0.00797341
2005,11,EGY,0.00000016,0.00017964
2005,11,SYR,0.00000013,0.00077800
2005,11,TUR,0.00000012,0.00060552
2005,11,ITA,0.00000007,0.00030398
2005,11,Other,0.00000001,0.00005100
2005,12,EGY,0.00000034,0.00032907
2005,12,JOR,0.00000019,0.00006558
2005,12,USA,0.00000011,0.00000537
2005,12,CHN,0.00000004,0.00002700
2005,12,ETH,0.00000003,0.00007180
2005,12,Other,0.00000003,0.00000161
2005,13,EGY,0.00000003,0.00000000
2005,14,JOR,0.00000001,0.00001017
2005,14,EGY,0.00000000,0.00000038
2005,15,JOR,0.00000136,0.00178975
2005,15,EGY,0.00000037,0.00051288
2005,15,USA,0.00000030,0.00010122
2005,15,TUR,0.00000010,0.00010790
2005,15,ARG,0.00000008,0.00009678
2005,15,Other,0.00000015,0.00017573
2005,16,NOR,0.00000079,0.00030597
2005,16,JOR,0.00000021,0.00007349
2005,16,OMN,0.00000004,0.00003135
2005,16,EGY,0.00000000,0.00000026
2005,17,EGY,0.00000039,0.00014866
2005,17,JOR,0.00000032,0.00011454
2005,17,TUR,0.00000024,0.00014170
2005,17,BEL,0.00000022,0.00069650
2005,17,CHN,0.00000015,0.00013190
2005,17,Other,0.00000017,0.00042864
2005,18,TUR,0.00000317,0.00159593
2005,18,JOR,0.00000049,0.00011190
2005,18,GBR,0.00000023,0.00004354
2005,18,ITA,0.00000008,0.00001339
2005,18,TUN,0.00000004,0.00000945
2005,18,Other,0.00000005,0.00001527
2005,19,TUR,0.00000430,0.00258829
2005,19,JOR,0.00000110,0.00044645
2005,19,EGY,0.00000021,0.00008226
2005,19,FRA,0.00000017,0.00004720
2005,19,ITA,0.00000013,0.00007265
2005,19,Other,0.00000031,0.00017888
2005,20,PRY,0.00000401,0.00198442
2005,20,EGY,0.00000110,0.00085024
2005,20,JOR,0.00000024,0.00022720
2005,20,ARG,0.00000010,0.00004354
2005,20,DNK,0.00000004,0.00002746
2005,20,Other,0.00000003,0.00004019
2005,21,JOR,0.00000144,0.00038750
2005,21,CHN,0.00000055,0.00034740
2005,21,DNK,0.00000036,0.00020750
2005,21,ESP,0.00000032,0.00004163
2005,21,EGY,0.00000008,0.00001947
2005,21,Other,0.00000021,0.00007887
2005,22,JOR,0.00000055,0.00077961
2005,22,EGY,0.00000015,0.00030931
2005,22,AUT,0.00000010,0.00009780
2005,22,TUR,0.00000009,0.00022582
2005,22,NLD,0.00000001,0.00000896
2005,24,CHE,0.00000388,0.00041008
2005,24,FRA,0.00000185,0.00012840
2005,24,GBR,0.00000131,0.00015616
2005,24,JOR,0.00000002,0.00000337
2005,25,JOR,0.00000214,0.02382990
2005,25,EGY,0.00000175,0.01124336
2005,25,ITA,0.00000009,0.00285000
2005,25,CHN,0.00000001,0.00001500
2005,25,DEU,0.00000000,0.00000680
2005,26,OMN,0.00000003,0.00012000
2005,27,EGY,0.00000013,0.00000749
2005,27,TUR,0.00000003,0.00003365
2005,27,ITA,0.00000003,0.00001504
2005,27,DEU,0.00000002,0.00002140
2005,27,ARE,0.00000001,0.00001379
2005,27,Other,0.00000000,0.00002548
2005,28,JOR,0.00000032,0.00106820
2005,28,EGY,0.00000011,0.00007710
2005,28,GBR,0.00000002,0.00000823
2005,28,TUR,0.00000001,0.00005000
2005,28,CHN,0.00000001,0.00003000
2005,28,Other,0.00000000,0.00000010
2005,29,DEU,0.00000004,0.00000420
2005,29,JOR,0.00000003,0.00000721
2005,29,CHN,0.00000003,0.00002500
2005,29,SVK,0.00000002,0.00000075
2005,29,ITA,0.00000002,0.00000846
2005,29,Other,0.00000002,0.00001544
2005,30,CHE,0.00000510,0.00001596
2005,30,DEU,0.00000145,0.00030850
2005,30,FRA,0.00000110,0.00001530
2005,30,AUT,0.00000109,0.00001630
2005,30,JOR,0.00000091,0.00002662
2005,30,Other,0.00000166,0.00065635
2005,31,SAU,0.00000012,0.00022800
2005,31,ESP,0.00000005,0.00002200
2005,31,ITA,0.00000001,0.00000303
2005,31,CHN,0.00000000,0.00000500
2005,32,JOR,0.00000504,0.00141031
2005,32,DEU,0.00000056,0.00026658
2005,32,KOR,0.00000023,0.00001184
2005,32,EGY,0.00000017,0.00000336
2005,32,FRA,0.00000005,0.00001520
2005,32,Other,0.00000013,0.00009543
2005,33,EGY,0.00000035,0.00008729
2005,33,DEU,0.00000029,0.00002350
2005,33,FRA,0.00000015,0.00000578
2005,33,ITA,0.00000003,0.00001384
2005,33,TUR,0.00000003,0.00002492
2005,33,Other,0.00000004,0.00000443
2005,34,JOR,0.00000024,0.00011664
2005,34,EGY,0.00000022,0.00013581
2005,34,DEU,0.00000009,0.00003457
2005,34,CHN,0.00000001,0.00001284
2005,34,ITA,0.00000000,0.00000001
2005,34,Other,0.00000000,0.00000125
2005,35,JOR,0.00000018,0.00006152
2005,35,NLD,0.00000011,0.00001100
2005,35,EGY,0.00000005,0.00001920
2005,35,KOR,0.00000004,0.00000755
2005,35,ITA,0.00000001,0.00001042
2005,35,Other,0.00000000,0.00000069
2005,37,FRA,0.00000005,0.00000380
2005,37,NLD,0.00000001,0.00000027
2005,37,KOR,0.00000000,0.00000043
2005,37,QAT,0.00000000,0.00000140
2005,37,JOR,0.00000000,0.00000001
2005,38,JOR,0.00000084,0.00039860
2005,38,DEU,0.00000076,0.00010130
2005,38,FRA,0.00000030,0.00014150
2005,38,ITA,0.00000013,0.00001377
2005,38,NLD,0.00000009,0.00005045
2005,38,Other,0.00000008,0.00005391
2005,39,EGY,0.00001246,0.01008222
2005,39,NLD,0.00000247,0.00139610
2005,39,JOR,0.00000195,0.00079640
2005,39,GBR,0.00000100,0.00020164
2005,39,CHN,0.00000043,0.00039080
2005,39,Other,0.00000088,0.00032373
2005,40,DEU,0.00000034,0.00010141
2005,40,EGY,0.00000028,0.00008198
2005,40,NLD,0.00000025,0.00007189
2005,40,CHN,0.00000020,0.00007143
2005,40,JOR,0.00000012,0.00000660
2005,40,Other,0.00000025,0.00009847
2005,41,TUN,0.00000004,0.00000276
2005,41,EGY,0.00000001,0.00000021
2005,41,JOR,0.00000001,0.00000157
2005,42,CHN,0.00000005,0.00000473
2005,42,JOR,0.00000001,0.00000051
2005,42,DEU,0.00000001,0.00000020
2005,42,CHE,0.00000000,0.00000021
2005,42,EGY,0.00000000,0.00000006
2005,42,Other,0.00000000,0.00000007
2005,43,EGY,0.00000000,0.00000000
2005,44,JOR,0.00000008,0.00001160
2005,44,CHN,0.00000008,0.00008388
2005,44,EGY,0.00000003,0.00005582
2005,44,CHE,0.00000003,0.00000174
2005,44,DEU,0.00000002,0.00013390
2005,44,Other,0.00000002,0.00003354
2005,45,DEU,0.00000000,0.00000010
2005,46,EGY,0.00000000,0.00000000
2005,48,JOR,0.00000137,0.00081417
2005,48,EGY,0.00000013,0.00008650
2005,48,FIN,0.00000008,0.00010033
2005,48,FRA,0.00000007,0.00000770
2005,48,CHN,0.00000007,0.00003068
2005,48,Other,0.00000013,0.00007291
2005,49,JOR,0.00000127,0.00014289
2005,49,EGY,0.00000014,0.00001647
2005,49,CHN,0.00000002,0.00000185
2005,49,CHE,0.00000002,0.00000129
2005,49,KOR,0.00000001,0.00000086
2005,49,Other,0.00000002,0.00000258
2005,52,JOR,0.00000005,0.00000271
2005,52,CHN,0.00000000,0.00000006
2005,53,EGY,0.00000001,0.00000401
2005,54,FRA,0.00000024,0.00020350
2005,54,CHN,0.00000014,0.00004594
2005,54,JOR,0.00000007,0.00000836
2005,54,KOR,0.00000005,0.00000329
2005,54,ITA,0.00000002,0.00001877
2005,54,Other,0.00000001,0.00000131
2005,55,CHN,0.00000006,0.00002394
2005,55,JOR,0.00000003,0.00000804
2005,56,EGY,0.00000007,0.00001738
2005,56,CHN,0.00000006,0.00002174
2005,56,KOR,0.00000003,0.00000588
2005,56,FRA,0.00000003,0.00001110
2005,56,TUR,0.00000002,0.00003456
2005,56,Other,0.00000001,0.00000178
2005,57,JOR,0.00000027,0.00003133
2005,57,BEL,0.00000012,0.00003042
2005,57,DEU,0.00000002,0.00000110
2005,58,CHN,0.00000007,0.00000578
2005,58,DEU,0.00000000,0.00000020
2005,58,JOR,0.00000000,0.00000028
2005,59,JOR,0.00000001,0.00000062
2005,59,KOR,0.00000000,0.00000057
2005,59,DEU,0.00000000,0.00000008
2005,60,BEL,0.00000002,0.00000515
2005,60,DEU,0.00000001,0.00001360
2005,61,CHN,0.00000095,0.00005139
2005,61,JOR,0.00000039,0.00000986
2005,61,EGY,0.00000007,0.00000266
2005,61,TUR,0.00000001,0.00000046
2005,61,KOR,0.00000000,0.00000012
2005,62,JOR,0.00000100,0.00003188
2005,62,CHN,0.00000017,0.00000499
2005,62,KOR,0.00000007,0.00000620
2005,62,EGY,0.00000004,0.00000214
2005,62,TUR,0.00000003,0.00000177
2005,62,Other,0.00000003,0.00000023
2005,63,CHN,0.00000057,0.00012225
2005,63,EGY,0.00000033,0.00003813
2005,63,DEU,0.00000001,0.00000010
2005,63,JOR,0.00000000,0.00000015
2005,64,CHN,0.00000040,0.00003187
2005,64,EGY,0.00000010,0.00000397
2005,64,JOR,0.00000009,0.00000892
2005,64,FRA,0.00000000,0.00000010
2005,64,TUR,0.00000000,0.00000007
2005,65,USA,0.00000000,0.00000021
2005,65,CHN,0.00000000,0.00000007
2005,65,LKA,0.00000000,0.00000001
2005,67,CHN,0.00000004,0.00001727
2005,67,KOR,0.00000000,0.00000015
2005,68,EGY,0.00000019,0.00031473
2005,68,JOR,0.00000011,0.00014025
2005,68,CHN,0.00000008,0.00021316
2005,68,KOR,0.00000006,0.00000386
2005,68,TUR,0.00000003,0.00011738
2005,68,Other,0.00000005,0.00011217
2005,69,CHN,0.00000075,0.00134828
2005,69,EGY,0.00000030,0.00065220
2005,69,OMN,0.00000010,0.00035000
2005,69,JOR,0.00000004,0.00006837
2005,69,ITA,0.00000003,0.00010644
2005,69,Other,0.00000003,0.00004350
2005,70,EGY,0.00000047,0.00025980
2005,70,TUR,0.00000032,0.00098081
2005,70,NLD,0.00000009,0.00021762
2005,70,CHN,0.00000007,0.00009596
2005,70,JOR,0.00000005,0.00001986
2005,70,Other,0.00000001,0.00000068
2005,71,EGY,0.00000070,0.00086934
2005,71,CHN,0.00000009,0.00020094
2005,71,ITA,0.00000003,0.00000040
2005,71,JOR,0.00000003,0.00005192
2005,71,USA,0.00000001,0.00000000
2005,71,Other,0.00000000,0.00000002
2005,72,JOR,0.00000054,0.00073832
2005,72,EGY,0.00000016,0.00003014
2005,72,CHN,0.00000003,0.00004028
2005,72,TUR,0.00000001,0.00000570
2005,73,CHN,0.00000091,0.00040004
2005,73,EGY,0.00000078,0.00021762
2005,73,JOR,0.00000045,0.00015332
2005,73,TUR,0.00000017,0.00010247
2005,73,KOR,0.00000007,0.00005712
2005,73,Other,0.00000021,0.00005385
2005,74,CHN,0.00000015,0.00003688
2005,74,EGY,0.00000012,0.00002862
2005,76,JOR,0.00001008,0.00228579
2005,76,EGY,0.00000036,0.00009069
2005,76,CHN,0.00000017,0.00004067
2005,76,CHE,0.00000004,0.00000389
2005,76,ITA,0.00000001,0.00000088
2005,76,Other,0.00000000,0.00000056
2005,78,DEU,0.00000000,0.00000010
2005,79,DEU,0.00000000,0.00000034
2005,80,JOR,0.00000062,0.00023619
2005,80,EGY,0.00000002,0.00001347
2005,81,JOR,0.00000006,0.00002390
2005,81,EGY,0.00000001,0.00001058
2005,81,CHN,0.00000000,0.00000010
2005,82,CHN,0.00000011,0.00004154
2005,82,KOR,0.00000004,0.00000184
2005,82,DEU,0.00000004,0.00000100
2005,82,EGY,0.00000002,0.00000183
2005,82,FRA,0.00000001,0.00000020
2005,82,Other,0.00000001,0.00000040
2005,83,CHN,0.00000023,0.00014874
2005,83,DEU,0.00000005,0.00000520
2005,83,EGY,0.00000004,0.00000280
2005,83,FRA,0.00000001,0.00000240
2005,83,JOR,0.00000001,0.00000124
2005,83,Other,0.00000000,0.00000029
2005,84,CHN,0.00001493,0.00043242
2005,84,DEU,0.00000435,0.00010915
2005,84,NLD,0.00000230,0.00004942
2005,84,JOR,0.00000199,0.00025268
2005,84,FRA,0.00000144,0.00009029
2005,84,Other,0.00000323,0.00042469
2005,85,DEU,0.00000239,0.00002303
2005,85,FRA,0.00000089,0.00005164
2005,85,JOR,0.00000074,0.00014977
2005,85,CHN,0.00000068,0.00010675
2005,85,KOR,0.00000030,0.00001194
2005,85,Other,0.00000088,0.00007450
2005,87,KOR,0.00000901,0.00121338
2005,87,DEU,0.00000706,0.00061081
2005,87,ESP,0.00000312,0.00022545
2005,87,GBR,0.00000098,0.00009165
2005,87,SVK,0.00000093,0.00006513
2005,87,Other,0.00000184,0.00029883
2005,90,DEU,0.00000279,0.00003457
2005,90,NLD,0.00000212,0.00001553
2005,90,EGY,0.00000073,0.00035790
2005,90,JOR,0.00000038,0.00015699
2005,90,KOR,0.00000027,0.00000630
2005,90,Other,0.00000091,0.00012089
2005,91,CHE,0.00000265,0.00000013
2005,91,JOR,0.00000005,0.00001473
2005,91,CHN,0.00000005,0.00002077
2005,92,JOR,0.00000000,0.00000006
2005,92,EGY,0.00000000,0.00000017
2005,94,JOR,0.00000203,0.00048790
2005,94,CHN,0.00000053,0.00018696
2005,94,EGY,0.00000031,0.00009942
2005,94,DEU,0.00000011,0.00000189
2005,94,USA,0.00000004,0.00000785
2005,94,Other,0.00000009,0.00002737
2005,95,CHN,0.00000006,0.00005933
2005,95,DEU,0.00000004,0.00000540
2005,95,JOR,0.00000001,0.00000153
2005,95,KOR,0.00000001,0.00000012
2005,95,EGY,0.00000000,0.00000016
2005,95,Other,0.00000000,0.00000000
2005,96,JOR,0.00000008,0.00000268
2005,96,CHN,0.00000008,0.00001822
2005,96,EGY,0.00000005,0.00000741
2005,96,FRA,0.00000004,0.00000540
2005,96,DEU,0.00000001,0.00000070
2005,96,Other,0.00000001,0.00000014
2005,97,EGY,0.00000000,0.00000000
2006,10,EGY,0.00000711,0.01458476
2006,10,DEU,0.00000004,0.00000080
2006,11,TUR,0.00000297,0.00969506
2006,11,USA,0.00000179,0.00661775
2006,11,EGY,0.00000125,0.00259576
2006,11,ITA,0.00000002,0.00007600
2006,11,FRA,0.00000001,0.00003400
2006,12,EGY,0.00000058,0.00059241
2006,12,JOR,0.00000028,0.00027124
2006,12,BFA,0.00000016,0.00022560
2006,12,CHN,0.00000013,0.00003200
2006,12,FRA,0.00000003,0.00000025
2006,12,Other,0.00000000,0.00000050
2006,14,EGY,0.00000003,0.00000000
2006,14,JOR,0.00000001,0.00003600
2006,15,JOR,0.00000203,0.00301780
2006,15,EGY,0.00000097,0.00155825
2006,15,ARG,0.00000034,0.00050588
2006,15,TUR,0.00000032,0.00022157
2006,15,USA,0.00000024,0.00030001
2006,15,Other,0.00000005,0.00005800
2006,16,FRA,0.00000011,0.00005390
2006,16,YEM,0.00000000,0.00000010
2006,17,EGY,0.00000104,0.00192769
2006,17,TUR,0.00000029,0.00019171
2006,17,CHN,0.00000028,0.00024569
2006,17,JOR,0.00000027,0.00016087
2006,17,BEL,0.00000021,0.00041610
2006,17,Other,0.00000006,0.00018080
2006,18,TUR,0.00000394,0.00201569
2006,18,GBR,0.00000047,0.00007706
2006,18,JOR,0.00000047,0.00017426
2006,18,POL,0.00000012,0.00003805
2006,18,GRC,0.00000005,0.00004158
2006,18,Other,0.00000016,0.00006385
2006,19,TUR,0.00000622,0.00389206
2006,19,JOR,0.00000113,0.00178277
2006,19,EGY,0.00000069,0.00026221
2006,19,ITA,0.00000035,0.00013177
2006,19,GBR,0.00000011,0.00001858
2006,19,Other,0.00000022,0.00015441
2006,20,EGY,0.00000316,0.00330905
2006,20,PRY,0.00000166,0.00067484
2006,20,JOR,0.00000051,0.00145131
2006,20,ARG,0.00000032,0.00012452
2006,20,SAU,0.00000015,0.00033600
2006,20,Other,0.00000005,0.00005356
2006,21,JOR,0.00000262,0.00052643
2006,21,CHN,0.00000059,0.00034440
2006,21,ESP,0.00000029,0.00003475
2006,21,EGY,0.00000020,0.00005531
2006,21,DNK,0.00000017,0.00009468
2006,21,Other,0.00000017,0.00008145
2006,22,JOR,0.00000040,0.00140472
2006,22,TUR,0.00000023,0.00065271
2006,22,EGY,0.00000008,0.00018932
2006,22,NLD,0.00000001,0.00000223
2006,23,EGY,0.00000002,0.00010761
2006,24,CHE,0.00000508,0.00083746
2006,24,FRA,0.00000189,0.00000120
2006,24,TUR,0.00000012,0.00001172
2006,24,JOR,0.00000009,0.00002054
2006,24,GRC,0.00000003,0.00000613
2006,24,Other,0.00000000,0.00000003
2006,25,EGY,0.00000061,0.00212174
2006,25,JOR,0.00000014,0.00125560
2006,25,TUR,0.00000002,0.00026330
2006,25,OMN,0.00000001,0.00004200
2006,27,EGY,0.00000265,0.01865145
2006,27,IDN,0.00000121,0.03520000
2006,27,DEU,0.00000005,0.00008390
2006,27,EST,0.00000001,0.00006991
2006,27,JOR,0.00000001,0.00002220
2006,28,EGY,0.00000100,0.00260088
2006,28,JOR,0.00000042,0.00309548
2006,28,CHN,0.00000005,0.00012120
2006,28,DEU,0.00000001,0.00000100
2006,29,CHN,0.00000009,0.00010950
2006,29,DEU,0.00000005,0.00000630
2006,29,EGY,0.00000004,0.00000000
2006,29,ESP,0.00000001,0.00000009
2006,29,DNK,0.00000001,0.00000000
2006,29,Other,0.00000001,0.00001520
2006,30,CHE,0.00000270,0.00000792
2006,30,TUR,0.00000260,0.00001900
2006,30,JOR,0.00000146,0.00018560
2006,30,DEU,0.00000139,0.00008909
2006,30,EGY,0.00000112,0.00000299
2006,30,Other,0.00000238,0.00023573
2006,31,ESP,0.00000003,0.00001100
2006,31,DEU,0.00000001,0.00000420
2006,32,JOR,0.00000446,0.00370535
2006,32,DEU,0.00000028,0.00016022
2006,32,KOR,0.00000012,0.00000696
2006,32,EGY,0.00000012,0.00000020
2006,32,GRC,0.00000005,0.00001625
2006,32,Other,0.00000003,0.00001389
2006,33,DEU,0.00000037,0.00003079
2006,33,JOR,0.00000014,0.00004276
2006,33,FRA,0.00000011,0.00000440
2006,33,RUS,0.00000005,0.00000586
2006,33,ITA,0.00000004,0.00003040
2006,33,Other,0.00000011,0.00001122
2006,34,JOR,0.00000065,0.00092311
2006,34,EGY,0.00000033,0.00017293
2006,34,DEU,0.00000003,0.00000820
2006,34,TUR,0.00000000,0.00000094
2006,34,FRA,0.00000000,0.00000030
2006,34,Other,0.00000000,0.00000002
2006,35,JOR,0.00000022,0.00013846
2006,35,NLD,0.00000010,0.00001050
2006,35,CHN,0.00000008,0.00006990
2006,35,ITA,0.00000004,0.00001000
2006,35,PRT,0.00000004,0.00001695
2006,35,Other,0.00000001,0.00000327
2006,37,FRA,0.00000011,0.00001204
2006,37,NLD,0.00000001,0.00000031
2006,37,KOR,0.00000000,0.00000067
2006,38,DEU,0.00000059,0.00007300
2006,38,JOR,0.00000054,0.00048468
2006,38,FRA,0.00000006,0.00002950
2006,38,EGY,0.00000005,0.00001763
2006,38,NLD,0.00000005,0.00002170
2006,38,Other,0.00000001,0.00000115
2006,39,EGY,0.00002337,0.01837908
2006,39,NLD,0.00000470,0.00263125
2006,39,JOR,0.00000149,0.00104510
2006,39,CHN,0.00000038,0.00024130
2006,39,GBR,0.00000019,0.00004364
2006,39,Other,0.00000058,0.00021062
2006,40,EGY,0.00000080,0.00022026
2006,40,CHN,0.00000044,0.00017036
2006,40,BEL,0.00000022,0.00002466
2006,40,NLD,0.00000016,0.00005154
2006,40,DEU,0.00000007,0.00000307
2006,40,Other,0.00000032,0.00012790
2006,41,JOR,0.00000003,0.00000664
2006,41,EGY,0.00000000,0.00000030
2006,41,DEU,0.00000000,0.00000010
2006,42,TUR,0.00000041,0.00012250
2006,42,CHN,0.00000010,0.00000658
2006,42,NLD,0.00000002,0.00000097
2006,42,GBR,0.00000001,0.00000011
2006,42,DEU,0.00000000,0.00000008
2006,42,Other,0.00000000,0.00000014
2006,44,EGY,0.00000030,0.00107708
2006,44,JOR,0.00000013,0.00014993
2006,44,AUT,0.00000002,0.00007700
2006,44,CHE,0.00000002,0.00000106
2006,44,CHN,0.00000001,0.00000400
2006,44,Other,0.00000000,0.00000140
2006,45,DEU,0.00000000,0.00000010
2006,46,EGY,0.00000005,0.00001094
2006,46,CHN,0.00000002,0.00001339
2006,46,JOR,0.00000000,0.00000500
2006,47,EGY,0.00000001,0.00004109
2006,48,JOR,0.00000156,0.00123027
2006,48,EGY,0.00000040,0.00015165
2006,48,TUR,0.00000009,0.00002807
2006,48,CHN,0.00000008,0.00006363
2006,48,BHR,0.00000008,0.00005000
2006,48,Other,0.00000022,0.00018339
2006,49,JOR,0.00000022,0.00009998
2006,49,EGY,0.00000012,0.00001067
2006,49,DEU,0.00000003,0.00000042
2006,49,CHE,0.00000001,0.00000079
2006,49,NLD,0.00000000,0.00000009
2006,49,Other,0.00000000,0.00000011
2006,50,CHN,0.00000010,0.00004288
2006,51,FRA,0.00000003,0.00000430
2006,52,EGY,0.00000023,0.00008067
2006,52,CHN,0.00000015,0.00003689
2006,52,JOR,0.00000004,0.00000837
2006,54,JOR,0.00000033,0.00021962
2006,54,CHN,0.00000033,0.00014059
2006,54,FRA,0.00000009,0.00000448
2006,54,KOR,0.00000001,0.00000051
2006,54,TUR,0.00000000,0.00000101
2006,54,Other,0.00000001,0.00000049
2006,55,JOR,0.00000012,0.00003460
2006,55,CHN,0.00000004,0.00002941
2006,55,TUR,0.00000003,0.00000516
2006,55,NLD,0.00000002,0.00000194
2006,55,EGY,0.00000001,0.00000502
2006,55,Other,0.00000001,0.00000113
2006,56,CHN,0.00000003,0.00001802
2006,56,ITA,0.00000003,0.00001892
2006,56,JOR,0.00000002,0.00001574
2006,57,JOR,0.00000016,0.00023317
2006,57,BEL,0.00000009,0.00002178
2006,57,FRA,0.00000004,0.00001021
2006,57,TUR,0.00000002,0.00000758
2006,57,GBR,0.00000001,0.00000014
2006,57,Other,0.00000000,0.00000075
2006,58,CHN,0.00000004,0.00001418
2006,58,DEU,0.00000001,0.00000020
2006,58,JOR,0.00000000,0.00000020
2006,59,CHN,0.00000005,0.00001750
2006,59,DEU,0.00000001,0.00000020
2006,59,JOR,0.00000000,0.00000020
2006,60,KOR,0.00000008,0.00001138
2006,60,COL,0.00000002,0.00000631
2006,60,JOR,0.00000001,0.00000340
2006,60,CHN,0.00000001,0.00000513
2006,60,EGY,0.00000000,0.00000000
2006,60,Other,0.00000000,0.00000026
2006,61,JOR,0.00000021,0.00004630
2006,61,CHN,0.00000015,0.00000826
2006,61,ITA,0.00000000,0.00000005
2006,61,KOR,0.00000000,0.00000005
2006,61,COL,0.00000000,0.00000002
2006,61,Other,0.00000000,0.00000004
2006,62,JOR,0.00000222,0.00186483
2006,62,CHN,0.00000027,0.00000951
2006,62,DEU,0.00000004,0.00000059
2006,62,ITA,0.00000003,0.00000023
2006,62,IDN,0.00000001,0.00000033
2006,62,Other,0.00000000,0.00000006
2006,63,CHN,0.00000042,0.00008318
2006,63,EGY,0.00000010,0.00001226
2006,63,JOR,0.00000002,0.00002150
2006,63,ESP,0.00000002,0.00000200
2006,63,DNK,0.00000001,0.00000003
2006,63,Other,0.00000001,0.00000160
2006,64,CHN,0.00000023,0.00002002
2006,64,JOR,0.00000004,0.00001336
2006,64,EGY,0.00000003,0.00000134
2006,64,TUR,0.00000002,0.00000460
2006,64,FRA,0.00000001,0.00000071
2006,64,Other,0.00000000,0.00000002
2006,65,CHN,0.00000000,0.00000006
2006,65,GRC,0.00000000,0.00000004
2006,67,CHN,0.00000002,0.00001165
2006,67,KOR,0.00000001,0.00000023
2006,68,EGY,0.00000038,0.00060091
2006,68,CHN,0.00000016,0.00034069
2006,68,JOR,0.00000007,0.00025742
2006,68,TUR,0.00000006,0.00020919
2006,68,ITA,0.00000004,0.00010148
2006,68,Other,0.00000003,0.00000198
2006,69,CHN,0.00000171,0.00238932
2006,69,EGY,0.00000075,0.00150259
2006,69,OMN,0.00000005,0.00024600
2006,69,JOR,0.00000001,0.00005118
2006,69,TUR,0.00000001,0.00000500
2006,69,Other,0.00000000,0.00000020
2006,70,EGY,0.00000045,0.00047234
2006,70,NLD,0.00000031,0.00055145
2006,70,TUR,0.00000018,0.00043631
2006,70,CHN,0.00000013,0.00016211
2006,70,JOR,0.00000009,0.00009220
2006,70,Other,0.00000005,0.00003115
2006,71,TUR,0.00000187,0.00244050
2006,71,EGY,0.00000084,0.00117432
2006,71,CHN,0.00000002,0.00004830
2006,71,NLD,0.00000002,0.00002000
2006,71,JOR,0.00000001,0.00004100
2006,72,EGY,0.00002850,0.00720436
2006,72,JOR,0.00000009,0.00015497
2006,72,CHN,0.00000007,0.00012300
2006,72,KOR,0.00000003,0.00000288
2006,72,ITA,0.00000002,0.00001025
2006,73,EGY,0.00000124,0.00029027
2006,73,CHN,0.00000112,0.00050687
2006,73,JOR,0.00000040,0.00013934
2006,73,TUR,0.00000013,0.00007541
2006,73,FRA,0.00000007,0.00005070
2006,73,Other,0.00000010,0.00002865
2006,74,CHN,0.00000049,0.00006186
2006,74,GBR,0.00000006,0.00000334
2006,74,GRC,0.00000002,0.00000235
2006,74,DEU,0.00000001,0.00000042
2006,74,JOR,0.00000000,0.00000010
2006,76,JOR,0.00000759,0.00268011
2006,76,CHN,0.00000076,0.00020785
2006,76,EGY,0.00000046,0.00009964
2006,76,DEU,0.00000007,0.00000452
2006,76,TUR,0.00000001,0.00000100
2006,76,Other,0.00000000,0.00000009
2006,80,EGY,0.00000068,0.00132109
2006,80,JOR,0.00000044,0.00078115
2006,81,EGY,0.00000005,0.00001810
2006,81,JOR,0.00000001,0.00000650
2006,82,CHN,0.00000029,0.00005623
2006,82,EGY,0.00000011,0.00000949
2006,82,DEU,0.00000005,0.00000152
2006,82,KOR,0.00000003,0.00000179
2006,82,GBR,0.00000001,0.00000009
2006,82,Other,0.00000001,0.00000177
2006,83,FRA,0.00000014,0.00001864
2006,83,TUR,0.00000007,0.00004272
2006,83,CHN,0.00000004,0.00003308
2006,83,DEU,0.00000004,0.00000298
2006,83,EGY,0.00000003,0.00000736
2006,83,Other,0.00000005,0.00000339
2006,84,CHN,0.00001463,0.00054593
2006,84,DEU,0.00000351,0.00021269
2006,84,JOR,0.00000253,0.00033674
2006,84,FRA,0.00000183,0.00009779
2006,84,NLD,0.00000127,0.00003026
2006,84,Other,0.00000278,0.00022867
2006,85,DEU,0.00000297,0.00003592
2006,85,CHN,0.00000266,0.00020053
2006,85,TUR,0.00000118,0.00013121
2006,85,JOR,0.00000087,0.00056386
2006,85,FRA,0.00000051,0.00009223
2006,85,Other,0.00000188,0.00015275
2006,87,DEU,0.00000418,0.00035365
2006,87,KOR,0.00000398,0.00052710
2006,87,ESP,0.00000130,0.00009426
2006,87,GBR,0.00000080,0.00006932
2006,87,JOR,0.00000067,0.00001895
2006,87,Other,0.00000118,0.00021046
2006,90,DEU,0.00000338,0.00003643
2006,90,EGY,0.00000147,0.00061857
2006,90,NLD,0.00000129,0.00000587
2006,90,ITA,0.00000055,0.00001496
2006,90,LKA,0.00000040,0.00018252
2006,90,Other,0.00000072,0.00003083
2006,91,CHE,0.00000128,0.00000008
2006,91,CHN,0.00000003,0.00010941
2006,91,KOR,0.00000000,0.00000004
2006,91,EGY,0.00000000,0.00000076
2006,91,TUR,0.00000000,0.00000023
2006,92,EGY,0.00000002,0.00000051
2006,94,JOR,0.00000204,0.00131046
2006,94,EGY,0.00000086,0.00036051
2006,94,CHN,0.00000070,0.00021659
2006,94,DEU,0.00000024,0.00001580
2006,94,ITA,0.00000014,0.00001965
2006,94,Other,0.00000006,0.00001264
2006,95,ITA,0.00000005,0.00000031
2006,95,CHN,0.00000002,0.00001128
2006,95,JOR,0.00000002,0.00001737
2006,95,KOR,0.00000000,0.00000001
2006,96,CHN,0.00000027,0.00005735
2006,96,JOR,0.00000010,0.00006505
2006,96,ITA,0.00000005,0.00001425
2006,96,EGY,0.00000004,0.00000055
2006,96,FRA,0.00000004,0.00000035
2006,96,Other,0.00000005,0.00000583
2006,97,CHN,0.00000000,0.00000232
2007,10,ISR,0.00017494,0.39158218
2007,10,EGY,0.00000289,0.00326195
2007,10,ESP,0.00000202,0.00343124
2007,10,USA,0.00000138,0.00239636
2007,10,THA,0.00000085,0.00144706
2007,10,Other,0.00000206,0.00186777
2007,11,ISR,0.00002502,0.05722017
2007,11,USA,0.00001390,0.02288539
2007,11,TUR,0.00000430,0.01400205
2007,11,EGY,0.00000193,0.00137416
2007,11,DEU,0.00000036,0.00036565
2007,11,Other,0.00000066,0.00097309
2007,12,ISR,0.00000381,0.00359957
2007,12,ETH,0.00000078,0.00064445
2007,12,JOR,0.00000053,0.00035020
2007,12,EGY,0.00000053,0.00033210
2007,12,USA,0.00000040,0.00000101
2007,12,Other,0.00000193,0.00113574
2007,13,DNK,0.00000007,0.00000965
2007,13,ISR,0.00000002,0.00000315
2007,13,EGY,0.00000001,0.00000000
2007,13,GRC,0.00000001,0.00000179
2007,13,JOR,0.00000001,0.00000000
2007,13,Other,0.00000002,0.00000142
2007,14,SGP,0.00000007,0.00005847
2007,14,EGY,0.00000005,0.00002630
2007,14,TUR,0.00000004,0.00002776
2007,14,CHN,0.00000002,0.00001269
2007,14,DEU,0.00000001,0.00000333
2007,14,Other,0.00000001,0.00000515
2007,15,ISR,0.00000642,0.00487617
2007,15,JOR,0.00000497,0.00507065
2007,15,USA,0.00000284,0.00233951
2007,15,BRA,0.00000125,0.00125389
2007,15,EGY,0.00000101,0.00084263
2007,15,Other,0.00000402,0.00357236
2007,16,ISR,0.00002255,0.00656377
2007,16,THA,0.00000066,0.00020377
2007,16,PRT,0.00000044,0.00018636
2007,16,JPN,0.00000040,0.00009969
2007,16,MAR,0.00000033,0.00013443
2007,16,Other,0.00000030,0.00011229
2007,17,ISR,0.00003217,0.04561533
2007,17,BRA,0.00000364,0.00748996
2007,17,THA,0.00000222,0.00473019
2007,17,EGY,0.00000164,0.00201067
2007,17,IND,0.00000157,0.00230452
2007,17,Other,0.00000407,0.00334897
2007,18,ISR,0.00000603,0.00132783
2007,18,TUR,0.00000482,0.00122118
2007,18,EGY,0.00000206,0.00039640
2007,18,NLD,0.00000142,0.00026363
2007,18,ARE,0.00000134,0.00027980
2007,18,Other,0.00000282,0.00055031
2007,19,TUR,0.00000599,0.00252394
2007,19,ISR,0.00000339,0.00108651
2007,19,IRL,0.00000335,0.00058370
2007,19,EGY,0.00000196,0.00065231
2007,19,ITA,0.00000147,0.00036619
2007,19,Other,0.00000605,0.00243465
2007,20,ISR,0.00002758,0.01857652
2007,20,EGY,0.00000294,0.00118122
2007,20,JOR,0.00000207,0.00209420
2007,20,BRA,0.00000200,0.00064794
2007,20,CAN,0.00000140,0.00040597
2007,20,Other,0.00000495,0.00343200
2007,21,ISR,0.00000761,0.00211098
2007,21,JOR,0.00000140,0.00045118
2007,21,ESP,0.00000089,0.00010496
2007,21,EGY,0.00000089,0.00024363
2007,21,TUR,0.00000068,0.00026763
2007,21,Other,0.00000335,0.00099060
2007,22,ISR,0.00006318,0.08993307
2007,22,EGY,0.00000229,0.00218484
2007,22,JOR,0.00000177,0.00360285
2007,22,SAU,0.00000152,0.00141302
2007,22,TUR,0.00000060,0.00145613
2007,22,Other,0.00000034,0.00034307
2007,23,ISR,0.00010381,0.08452534
2007,23,EGY,0.00000002,0.00001396
2007,23,LKA,0.00000000,0.00000500
2007,24,ISR,0.00002318,0.00145815
2007,24,CHE,0.00001029,0.00115029
2007,24,USA,0.00000364,0.00022924
2007,24,FRA,0.00000158,0.00014132
2007,24,DEU,0.00000026,0.00001635
2007,24,Other,0.00000085,0.00007104
2007,25,ISR,0.00009214,0.98283826
2007,25,EGY,0.00000107,0.00272341
2007,25,OMN,0.00000025,0.00029700
2007,25,JOR,0.00000019,0.00158674
2007,25,TUR,0.00000014,0.00028950
2007,25,Other,0.00000036,0.00395088
2007,26,ISR,0.00000093,0.01021497
2007,26,IND,0.00000004,0.00012460
2007,26,SWE,0.00000001,0.00009900
2007,26,CHN,0.00000000,0.00000853
2007,27,ISR,0.00118659,0.94325817
2007,27,EGY,0.00001105,0.00155576
2007,27,GRC,0.00000169,0.00153775
2007,27,USA,0.00000116,0.00099606
2007,27,ARE,0.00000027,0.00023501
2007,27,Other,0.00000076,0.00099514
2007,28,ISR,0.00000842,0.00061452
2007,28,EGY,0.00000182,0.00400600
2007,28,CHN,0.00000084,0.00189086
2007,28,JOR,0.00000061,0.00115090
2007,28,THA,0.00000027,0.00074681
2007,28,Other,0.00000028,0.00032526
2007,29,HUN,0.00000364,0.00109171
2007,29,ISR,0.00000295,0.00013126
2007,29,IND,0.00000211,0.00001081
2007,29,CHN,0.00000202,0.00039320
2007,29,KOR,0.00000128,0.00037782
2007,29,Other,0.00000474,0.00112232
2007,30,ISR,0.00002983,0.00126764
2007,30,CHE,0.00000547,0.00001312
2007,30,DEU,0.00000262,0.00008678
2007,30,DNK,0.00000248,0.00000114
2007,30,USA,0.00000138,0.00000576
2007,30,Other,0.00000833,0.00050854
2007,31,ISR,0.00000137,0.00103250
2007,31,EGY,0.00000105,0.00041825
2007,31,ESP,0.00000015,0.00023522
2007,31,GBR,0.00000012,0.00016548
2007,31,ITA,0.00000012,0.00004117
2007,31,Other,0.00000012,0.00000636
2007,32,ISR,0.00000983,0.00172880
2007,32,JOR,0.00000539,0.00336390
2007,32,ITA,0.00000118,0.00034845
2007,32,CHN,0.00000088,0.00016823
2007,32,GBR,0.00000030,0.00005432
2007,32,Other,0.00000172,0.00038232
2007,33,ISR,0.00001197,0.00160508
2007,33,FRA,0.00000413,0.00056654
2007,33,GBR,0.00000287,0.00050869
2007,33,EGY,0.00000273,0.00056651
2007,33,DEU,0.00000064,0.00006199
2007,33,Other,0.00000307,0.00063026
2007,34,ISR,0.00002171,0.00872280
2007,34,TUR,0.00001159,0.00639064
2007,34,EGY,0.00000102,0.00042609
2007,34,JOR,0.00000082,0.00067843
2007,34,GRC,0.00000068,0.00037612
2007,34,Other,0.00000179,0.00073337
2007,35,ISR,0.00000178,0.00062801
2007,35,ITA,0.00000083,0.00027849
2007,35,JOR,0.00000037,0.00013499
2007,35,CHN,0.00000021,0.00004746
2007,35,PRT,0.00000020,0.00007452
2007,35,Other,0.00000046,0.00012460
2007,36,ISR,0.00000015,0.00003827
2007,36,CHN,0.00000000,0.00000010
2007,37,ISR,0.00000123,0.00002572
2007,37,USA,0.00000014,0.00000747
2007,37,FRA,0.00000008,0.00000866
2007,37,JPN,0.00000003,0.00000304
2007,37,CHN,0.00000003,0.00000170
2007,37,Other,0.00000002,0.00000025
2007,38,ISR,0.00000304,0.00041966
2007,38,FRA,0.00000213,0.00068479
2007,38,DEU,0.00000081,0.00012068
2007,38,JOR,0.00000076,0.00054658
2007,38,ITA,0.00000039,0.00011570
2007,38,Other,0.00000181,0.00045888
2007,39,ISR,0.00002928,0.00791702
2007,39,NLD,0.00000579,0.00288003
2007,39,CHN,0.00000417,0.00133744
2007,39,EGY,0.00000408,0.00283785
2007,39,USA,0.00000385,0.00258035
2007,39,Other,0.00001418,0.00607990
2007,40,ISR,0.00007427,0.03190600
2007,40,NLD,0.00000144,0.00048478
2007,40,JOR,0.00000103,0.00039223
2007,40,CHN,0.00000072,0.00017765
2007,40,JPN,0.00000066,0.00007213
2007,40,Other,0.00000289,0.00060501
2007,41,ISR,0.00000278,0.00016756
2007,41,TUR,0.00000025,0.00001433
2007,41,EGY,0.00000005,0.00000199
2007,41,CHN,0.00000002,0.00000065
2007,41,ITA,0.00000000,0.00000005
2007,42,CHN,0.00000094,0.00005996
2007,42,ISR,0.00000064,0.00003662
2007,42,TUR,0.00000003,0.00000198
2007,42,EGY,0.00000003,0.00000168
2007,42,IND,0.00000002,0.00000144
2007,42,Other,0.00000007,0.00000712
2007,43,ISR,0.00000001,0.00000009
2007,43,IND,0.00000000,0.00000000
2007,44,ISR,0.00003775,0.05325398
2007,44,CHN,0.00000225,0.00157248
2007,44,RUS,0.00000103,0.00106257
2007,44,DEU,0.00000090,0.00152234
2007,44,EGY,0.00000077,0.00252492
2007,44,Other,0.00000359,0.00344816
2007,45,ISR,0.00000026,0.00002593
2007,45,ITA,0.00000002,0.00000065
2007,45,CHN,0.00000000,0.00000016
2007,45,DEU,0.00000000,0.00000010
2007,45,S19,0.00000000,0.00000002
2007,45,Other,0.00000000,0.00000001
2007,46,JOR,0.00000023,0.00009116
2007,46,CHN,0.00000008,0.00002446
2007,46,EGY,0.00000002,0.00000274
2007,46,ISR,0.00000002,0.00000388
2007,46,ITA,0.00000000,0.00000069
2007,46,Other,0.00000000,0.00000018
2007,47,USA,0.00000107,0.00167068
2007,47,HUN,0.00000026,0.00039398
2007,47,TUR,0.00000010,0.00016131
2007,47,URY,0.00000010,0.00014153
2007,47,ISR,0.00000009,0.00014151
2007,47,Other,0.00000007,0.00011264
2007,48,ISR,0.00003618,0.03159313
2007,48,TUR,0.00000203,0.00065376
2007,48,JOR,0.00000198,0.00119883
2007,48,DEU,0.00000155,0.00100201
2007,48,CHN,0.00000139,0.00098005
2007,48,Other,0.00000506,0.00418693
2007,49,ISR,0.00000563,0.00053666
2007,49,GBR,0.00000100,0.00010747
2007,49,EGY,0.00000052,0.00006353
2007,49,JOR,0.00000044,0.00021671
2007,49,CHN,0.00000012,0.00000566
2007,49,Other,0.00000028,0.00002446
2007,50,ISR,0.00000031,0.00000003
2007,50,CHN,0.00000021,0.00001836
2007,50,MEX,0.00000003,0.00000000
2007,50,PHL,0.00000000,0.00000000
2007,51,CHN,0.00000000,0.00000013
2007,51,TUR,0.00000000,0.00000007
2007,52,ISR,0.00000181,0.00035834
2007,52,IND,0.00000085,0.00037117
2007,52,TUR,0.00000049,0.00016825
2007,52,CHN,0.00000024,0.00005294
2007,52,EGY,0.00000006,0.00001205
2007,52,Other,0.00000014,0.00002556
2007,53,KEN,0.00000002,0.00000279
2007,53,TZA,0.00000001,0.00000000
2007,53,EGY,0.00000001,0.00000478
2007,53,TUR,0.00000000,0.00000000
2007,53,JOR,0.00000000,0.00000051
2007,53,Other,0.00000000,0.00000000
2007,54,ISR,0.00000489,0.00051227
2007,54,CHN,0.00000255,0.00027606
2007,54,TUR,0.00000083,0.00013210
2007,54,JOR,0.00000038,0.00018834
2007,54,S19,0.00000015,0.00004508
2007,54,Other,0.00000078,0.00011880
2007,55,ISR,0.00000318,0.00039076
2007,55,CHN,0.00000077,0.00016463
2007,55,IND,0.00000059,0.00020584
2007,55,TUR,0.00000029,0.00004869
2007,55,KOR,0.00000018,0.00011849
2007,55,Other,0.00000039,0.00009645
2007,56,ITA,0.00000071,0.00012548
2007,56,ISR,0.00000047,0.00007016
2007,56,CHN,0.00000044,0.00008772
2007,56,GBR,0.00000015,0.00001994
2007,56,TUR,0.00000006,0.00001040
2007,56,Other,0.00000018,0.00009527
2007,57,TUR,0.00000253,0.00054386
2007,57,ISR,0.00000066,0.00005498
2007,57,NLD,0.00000054,0.00013492
2007,57,BEL,0.00000051,0.00012474
2007,57,EGY,0.00000038,0.00002858
2007,57,Other,0.00000034,0.00007290
2007,58,ISR,0.00000144,0.00009388
2007,58,CHN,0.00000047,0.00003768
2007,58,TUR,0.00000040,0.00001799
2007,58,S19,0.00000009,0.00000422
2007,58,DEU,0.00000003,0.00000116
2007,58,Other,0.00000004,0.00000206
2007,59,ISR,0.00000056,0.00004419
2007,59,CHN,0.00000034,0.00004986
2007,59,TUR,0.00000023,0.00002197
2007,59,ITA,0.00000007,0.00000998
2007,59,DEU,0.00000005,0.00000900
2007,59,Other,0.00000006,0.00000570
2007,60,TUR,0.00000064,0.00005613
2007,60,ISR,0.00000042,0.00009681
2007,60,CHN,0.00000026,0.00002235
2007,60,JOR,0.00000012,0.00003249
2007,60,BEL,0.00000011,0.00001084
2007,60,Other,0.00000016,0.00001957
2007,61,CHN,0.00000478,0.00016889
2007,61,ISR,0.00000105,0.00004553
2007,61,TUR,0.00000078,0.00002611
2007,61,JOR,0.00000054,0.00003507
2007,61,EGY,0.00000005,0.00000195
2007,61,Other,0.00000013,0.00000447
2007,62,CHN,0.00000790,0.00020337
2007,62,TUR,0.00000365,0.00007092
2007,62,ISR,0.00000363,0.00010682
2007,62,JOR,0.00000072,0.00004414
2007,62,IND,0.00000019,0.00000757
2007,62,Other,0.00000060,0.00001687
2007,63,CHN,0.00000270,0.00029419
2007,63,TUR,0.00000073,0.00011826
2007,63,ISR,0.00000068,0.00014800
2007,63,EGY,0.00000051,0.00006229
2007,63,DEU,0.00000035,0.00004853
2007,63,Other,0.00000034,0.00004867
2007,64,ISR,0.00000617,0.00042840
2007,64,CHN,0.00000392,0.00031989
2007,64,TUR,0.00000049,0.00003816
2007,64,EGY,0.00000015,0.00000876
2007,64,JOR,0.00000008,0.00000591
2007,64,Other,0.00000017,0.00000943
2007,65,CHN,0.00000015,0.00000230
2007,65,TUR,0.00000002,0.00000009
2007,65,ISR,0.00000001,0.00000026
2007,65,DEU,0.00000000,0.00000010
2007,65,USA,0.00000000,0.00000001
2007,65,Other,0.00000001,0.00000017
2007,66,CHN,0.00000005,0.00000625
2007,66,CZE,0.00000001,0.00000218
2007,66,ISR,0.00000001,0.00000188
2007,66,EGY,0.00000000,0.00000008
2007,66,IND,0.00000000,0.00000012
2007,66,Other,0.00000000,0.00000003
2007,67,CHN,0.00000015,0.00001693
2007,67,ISR,0.00000005,0.00000765
2007,67,HKG,0.00000001,0.00000122
2007,67,EGY,0.00000000,0.00000045
2007,67,JOR,0.00000000,0.00000002
2007,67,Other,0.00000000,0.00000002
2007,68,ISR,0.00000877,0.01208951
2007,68,CHN,0.00000128,0.00124569
2007,68,ITA,0.00000097,0.00047006
2007,68,IND,0.00000081,0.00093595
2007,68,EGY,0.00000067,0.00067174
2007,68,Other,0.00000211,0.00263701
2007,69,ESP,0.00001459,0.03179666
2007,69,ISR,0.00000731,0.00724325
2007,69,CHN,0.00000579,0.00548566
2007,69,TUR,0.00000078,0.00107221
2007,69,EGY,0.00000075,0.00130656
2007,69,Other,0.00000234,0.00371493
2007,70,ISR,0.00002169,0.01472401
2007,70,CHN,0.00000260,0.00159150
2007,70,TUR,0.00000100,0.00084019
2007,70,EGY,0.00000025,0.00009532
2007,70,FRA,0.00000025,0.00018181
2007,70,Other,0.00000092,0.00058648
2007,71,ISR,0.00002321,0.02543905
2007,71,USA,0.00000165,0.00195161
2007,71,TUR,0.00000072,0.00102570
2007,71,EGY,0.00000071,0.00058682
2007,71,CHN,0.00000043,0.00017882
2007,71,Other,0.00000117,0.00176861
2007,72,ISR,0.00002734,0.03467154
2007,72,TUR,0.00001870,0.02695970
2007,72,JOR,0.00000765,0.01198857
2007,72,UKR,0.00000445,0.00575708
2007,72,RUS,0.00000349,0.00477472
2007,72,Other,0.00000859,0.00907306
2007,73,ISR,0.00002592,0.00939574
2007,73,CHN,0.00000368,0.00166921
2007,73,SWE,0.00000192,0.00023410
2007,73,ITA,0.00000151,0.00030113
2007,73,TUR,0.00000129,0.00044099
2007,73,Other,0.00000347,0.00125720
2007,74,CHN,0.00000133,0.00007094
2007,74,ISR,0.00000122,0.00008146
2007,74,ITA,0.00000026,0.00001745
2007,74,TUR,0.00000007,0.00000674
2007,74,EGY,0.00000007,0.00000650
2007,74,Other,0.00000007,0.00000717
2007,75,ISR,0.00000032,0.00000219
2007,75,IND,0.00000003,0.00000064
2007,75,CHN,0.00000002,0.00000031
2007,75,ITA,0.00000000,0.00000000
2007,76,JOR,0.00001499,0.00404348
2007,76,ISR,0.00000606,0.00112120
2007,76,CHN,0.00000517,0.00099570
2007,76,ROU,0.00000338,0.00115331
2007,76,RUS,0.00000336,0.00114623
2007,76,Other,0.00000439,0.00102211
2007,78,ISR,0.00000000,0.00000041
2007,78,ITA,0.00000000,0.00000009
2007,79,CHN,0.00000002,0.00000396
2007,79,ISR,0.00000002,0.00000348
2007,79,ITA,0.00000000,0.00000004
2007,80,ISR,0.00003352,0.03079243
2007,80,CHN,0.00000110,0.00019227
2007,80,TUR,0.00000100,0.00018618
2007,80,EGY,0.00000054,0.00086738
2007,80,JOR,0.00000043,0.00074298
2007,80,Other,0.00000062,0.00017263
2007,81,ISR,0.00000894,0.00388519
2007,81,JPN,0.00000139,0.00038785
2007,81,DEU,0.00000032,0.00008827
2007,81,TUR,0.00000007,0.00002432
2007,81,THA,0.00000005,0.00001316
2007,81,Other,0.00000007,0.00001651
2007,82,ISR,0.00000424,0.00049362
2007,82,CHN,0.00000117,0.00009404
2007,82,ITA,0.00000068,0.00002616
2007,82,DEU,0.00000017,0.00000672
2007,82,TUR,0.00000012,0.00000696
2007,82,Other,0.00000067,0.00003088
2007,83,CHN,0.00000170,0.00021507
2007,83,ISR,0.00000091,0.00009112
2007,83,ITA,0.00000062,0.00006007
2007,83,TUR,0.00000047,0.00005508
2007,83,JOR,0.00000029,0.00003860
2007,83,Other,0.00000085,0.00013181
2007,84,ISR,0.00005020,0.00441497
2007,84,CHN,0.00002631,0.00127299
2007,84,DEU,0.00000720,0.00026016
2007,84,ITA,0.00000643,0.00043308
2007,84,KOR,0.00000483,0.00081960
2007,84,Other,0.00003887,0.00574840
2007,85,ISR,0.00004217,0.00274950
2007,85,SWE,0.00001469,0.00008157
2007,85,CHN,0.00001135,0.00037331
2007,85,FRA,0.00000324,0.00037208
2007,85,JPN,0.00000245,0.00004570
2007,85,Other,0.00002081,0.00113322
2007,86,TUR,0.00000003,0.00000190
2007,86,ISR,0.00000001,0.00000006
2007,86,DEU,0.00000000,0.00000000
2007,86,ESP,0.00000000,0.00000000
2007,86,JOR,0.00000000,0.00000000
2007,87,JPN,0.00008872,0.01007192
2007,87,ISR,0.00005087,0.00624753
2007,87,KOR,0.00001984,0.00267054
2007,87,THA,0.00001768,0.00203245
2007,87,DEU,0.00001618,0.00167366
2007,87,Other,0.00004649,0.00495951
2007,89,ISR,0.00000000,0.00000032
2007,90,ISR,0.00003730,0.00057976
2007,90,CHN,0.00000487,0.00013581
2007,90,JPN,0.00000373,0.00011023
2007,90,DEU,0.00000361,0.00004752
2007,90,EGY,0.00000325,0.00097256
2007,90,Other,0.00001544,0.00292217
2007,91,ISR,0.00000089,0.00020537
2007,91,CHN,0.00000055,0.00007668
2007,91,HKG,0.00000029,0.00000073
2007,91,TUR,0.00000026,0.00007073
2007,91,IND,0.00000015,0.00009021
2007,91,Other,0.00000031,0.00001566
2007,92,ISR,0.00000062,0.00000028
2007,92,TUR,0.00000003,0.00000196
2007,92,EGY,0.00000003,0.00000138
2007,92,CHN,0.00000002,0.00000086
2007,92,HKG,0.00000000,0.00000006
2007,92,Other,0.00000000,0.00000010
2007,93,TUR,0.00000000,0.00000000
2007,94,CHN,0.00000507,0.00097282
2007,94,ISR,0.00000415,0.00083329
2007,94,JOR,0.00000158,0.00122237
2007,94,ITA,0.00000114,0.00025686
2007,94,GBR,0.00000094,0.00006390
2007,94,Other,0.00000244,0.00055353
2007,95,ISR,0.00000241,0.00024663
2007,95,CHN,0.00000165,0.00020016
2007,95,HKG,0.00000013,0.00001888
2007,95,ESP,0.00000011,0.00001444
2007,95,IND,0.00000010,0.00001319
2007,95,Other,0.00000021,0.00004419
2007,96,CHN,0.00000154,0.00016044
2007,96,ISR,0.00000077,0.00004277
2007,96,EGY,0.00000022,0.00002932
2007,96,ITA,0.00000020,0.00004461
2007,96,DEU,0.00000018,0.00001013
2007,96,Other,0.00000101,0.00010323
2007,97,ISR,0.00000007,0.00000000
2007,97,CHN,0.00000001,0.00000511
2007,97,TUR,0.00000000,0.00000000
2008,10,ISR,0.00017372,0.21898713
2008,10,USA,0.00000565,0.00588716
2008,10,GBR,0.00000225,0.00237208
2008,10,AUS,0.00000200,0.00068543
2008,10,THA,0.00000134,0.00141203
2008,10,Other,0.00000363,0.00522082
2008,11,ISR,0.00004818,0.07580503
2008,11,EGY,0.00000216,0.00190539
2008,11,TUR,0.00000192,0.00379290
2008,11,DEU,0.00000028,0.00024383
2008,11,IDN,0.00000027,0.00006674
2008,11,Other,0.00000072,0.00119030
2008,12,ISR,0.00000307,0.00234043
2008,12,EGY,0.00000168,0.00179523
2008,12,ETH,0.00000086,0.00042327
2008,12,NLD,0.00000085,0.00000000
2008,12,CHN,0.00000048,0.00011722
2008,12,Other,0.00000234,0.00109933
2008,13,JOR,0.00000002,0.00000422
2008,13,ESP,0.00000001,0.00000048
2008,13,ISR,0.00000001,0.00000191
2008,13,JPN,0.00000001,0.00000179
2008,13,IND,0.00000001,0.00000148
2008,13,Other,0.00000001,0.00000149
2008,14,EGY,0.00000010,0.00006254
2008,14,TUR,0.00000006,0.00004612
2008,14,ISR,0.00000000,0.00000209
2008,14,CHN,0.00000000,0.00000017
2008,15,ISR,0.00000882,0.00435231
2008,15,JOR,0.00000799,0.00624469
2008,15,EGY,0.00000707,0.00508015
2008,15,BRA,0.00000130,0.00085127
2008,15,TUR,0.00000113,0.00067049
2008,15,Other,0.00000489,0.00262730
2008,16,ISR,0.00002222,0.00525229
2008,16,THA,0.00000241,0.00055262
2008,16,JPN,0.00000079,0.00016200
2008,16,PRT,0.00000033,0.00012160
2008,16,MAR,0.00000023,0.00007890
2008,16,Other,0.00000028,0.00011091
2008,17,ISR,0.00002736,0.04051910
2008,17,BRA,0.00000783,0.01183922
2008,17,IND,0.00000210,0.00238261
2008,17,EGY,0.00000148,0.00122729
2008,17,TUR,0.00000106,0.00063335
2008,17,Other,0.00000334,0.00366540
2008,18,ISR,0.00001091,0.00192047
2008,18,TUR,0.00000333,0.00099870
2008,18,NLD,0.00000170,0.00033582
2008,18,GBR,0.00000128,0.00016382
2008,18,ARE,0.00000072,0.00011969
2008,18,Other,0.00000160,0.00034440
2008,19,TUR,0.00000642,0.00289840
2008,19,ISR,0.00000479,0.00148680
2008,19,EGY,0.00000360,0.00132514
2008,19,IRL,0.00000317,0.00051255
2008,19,JOR,0.00000195,0.00095910
2008,19,Other,0.00000692,0.00277467
2008,20,ISR,0.00003371,0.01793982
2008,20,BRA,0.00000525,0.00122238
2008,20,EGY,0.00000297,0.00206804
2008,20,JOR,0.00000236,0.00211925
2008,20,ARG,0.00000213,0.00060198
2008,20,Other,0.00000586,0.00472553
2008,21,ISR,0.00000760,0.00190565
2008,21,JOR,0.00000195,0.00062710
2008,21,ESP,0.00000110,0.00011974
2008,21,EGY,0.00000099,0.00041723
2008,21,FRA,0.00000086,0.00012681
2008,21,Other,0.00000353,0.00080494
2008,22,ISR,0.00008202,0.10717957
2008,22,JOR,0.00000276,0.00516218
2008,22,EGY,0.00000133,0.00119082
2008,22,SAU,0.00000085,0.00048697
2008,22,TUR,0.00000042,0.00039963
2008,22,Other,0.00000049,0.00042481
2008,23,ISR,0.00010973,0.09854677
2008,23,ESP,0.00000001,0.00000404
2008,24,ISR,0.00002416,0.00139995
2008,24,CHE,0.00000858,0.00129503
2008,24,BEL,0.00000192,0.00049254
2008,24,FRA,0.00000118,0.00007624
2008,24,TUR,0.00000068,0.00009556
2008,24,Other,0.00000160,0.00033392
2008,25,ISR,0.00008582,0.65115116
2008,25,EGY,0.00000116,0.00234584
2008,25,JOR,0.00000017,0.00158080
2008,25,ITA,0.00000004,0.00012327
2008,25,TUR,0.00000003,0.00009937
2008,25,Other,0.00000011,0.00026790
2008,26,ISR,0.00000128,0.00988495
2008,26,JOR,0.00000001,0.00000241
2008,26,TUR,0.00000000,0.00000000
2008,27,ISR,0.00138281,0.80765827
2008,27,EGY,0.00001102,0.00196858
2008,27,JOR,0.00000475,0.00012969
2008,27,GRC,0.00000101,0.00069293
2008,27,USA,0.00000062,0.00040537
2008,27,Other,0.00000148,0.00150205
2008,28,ISR,0.00000735,0.00046840
2008,28,EGY,0.00000435,0.01111107
2008,28,JOR,0.00000104,0.00173616
2008,28,CHN,0.00000091,0.00111617
2008,28,USA,0.00000016,0.00018713
2008,28,Other,0.00000025,0.00020040
2008,29,ISR,0.00000293,0.00020866
2008,29,JPN,0.00000240,0.00058998
2008,29,IND,0.00000196,0.00002354
2008,29,KOR,0.00000189,0.00038840
2008,29,CHN,0.00000147,0.00028082
2008,29,Other,0.00000598,0.00115457
2008,30,ISR,0.00003471,0.00174725
2008,30,CHE,0.00001300,0.00002763
2008,30,DEU,0.00000339,0.00023423
2008,30,ITA,0.00000212,0.00000025
2008,30,DNK,0.00000175,0.00000109
2008,30,Other,0.00001299,0.00160173
2008,31,ISR,0.00001276,0.00074621
2008,31,USA,0.00000011,0.00000000
2008,31,ESP,0.00000011,0.00005117
2008,31,GBR,0.00000004,0.00002732
2008,31,JOR,0.00000001,0.00002400
2008,31,Other,0.00000000,0.00000133
2008,32,ISR,0.00001419,0.00231771
2008,32,JOR,0.00000514,0.00256095
2008,32,ITA,0.00000132,0.00035592
2008,32,CHN,0.00000080,0.00018745
2008,32,DEU,0.00000027,0.00003232
2008,32,Other,0.00000111,0.00018740
2008,33,ISR,0.00001498,0.00174425
2008,33,FRA,0.00000324,0.00022155
2008,33,EGY,0.00000126,0.00032823
2008,33,DEU,0.00000073,0.00003490
2008,33,TUR,0.00000069,0.00025426
2008,33,Other,0.00000216,0.00039802
2008,34,ISR,0.00002286,0.00824585
2008,34,EGY,0.00000157,0.00073550
2008,34,JOR,0.00000129,0.00105637
2008,34,DEU,0.00000053,0.00024491
2008,34,GRC,0.00000039,0.00019648
2008,34,Other,0.00000126,0.00048470
2008,35,ISR,0.00000194,0.00049108
2008,35,ITA,0.00000071,0.00018658
2008,35,JOR,0.00000025,0.00009352
2008,35,CHN,0.00000022,0.00003041
2008,35,PRT,0.00000019,0.00004692
2008,35,Other,0.00000042,0.00008101
2008,36,ISR,0.00000004,0.00001891
2008,36,CHN,0.00000000,0.00000074
2008,37,ISR,0.00000142,0.00005250
2008,37,FRA,0.00000030,0.00001700
2008,37,USA,0.00000014,0.00000857
2008,37,EGY,0.00000007,0.00000398
2008,37,JOR,0.00000003,0.00000097
2008,37,Other,0.00000002,0.00000053
2008,38,ISR,0.00000601,0.00068866
2008,38,DEU,0.00000111,0.00011496
2008,38,TUR,0.00000076,0.00110998
2008,38,FRA,0.00000064,0.00008702
2008,38,JOR,0.00000055,0.00031037
2008,38,Other,0.00000258,0.00058510
2008,39,ISR,0.00003684,0.00884868
2008,39,EGY,0.00000819,0.00484516
2008,39,USA,0.00000517,0.00277888
2008,39,NLD,0.00000407,0.00219191
2008,39,CHN,0.00000406,0.00099950
2008,39,Other,0.00001578,0.00547066
2008,40,ISR,0.00008676,0.03263030
2008,40,EGY,0.00000789,0.00196194
2008,40,NLD,0.00000081,0.00027799
2008,40,FRA,0.00000066,0.00014155
2008,40,CHN,0.00000066,0.00016199
2008,40,Other,0.00000300,0.00079932
2008,41,ISR,0.00000628,0.00032691
2008,41,TUR,0.00000023,0.00000837
2008,41,EGY,0.00000010,0.00000475
2008,41,ITA,0.00000004,0.00000169
2008,41,IND,0.00000001,0.00000030
2008,41,Other,0.00000001,0.00000019
2008,42,CHN,0.00000120,0.00006637
2008,42,ISR,0.00000088,0.00003431
2008,42,EGY,0.00000004,0.00000008
2008,42,TUR,0.00000003,0.00000158
2008,42,JOR,0.00000002,0.00000308
2008,42,Other,0.00000005,0.00000208
2008,43,ISR,0.00000002,0.00000000
2008,43,TUR,0.00000000,0.00000000
2008,44,ISR,0.00004981,0.05690077
2008,44,CHN,0.00000285,0.00188953
2008,44,BRA,0.00000058,0.00029250
2008,44,DEU,0.00000057,0.00053597
2008,44,PRT,0.00000046,0.00069880
2008,44,Other,0.00000289,0.00278136
2008,45,ISR,0.00000016,0.00001480
2008,45,JOR,0.00000001,0.00000251
2008,45,CHN,0.00000001,0.00000080
2008,45,EGY,0.00000000,0.00000054
2008,45,DEU,0.00000000,0.00000005
2008,45,Other,0.00000000,0.00000017
2008,46,JOR,0.00000010,0.00003711
2008,46,CHN,0.00000009,0.00001861
2008,46,EGY,0.00000002,0.00000513
2008,46,ISR,0.00000001,0.00000285
2008,46,HKG,0.00000000,0.00000005
2008,46,Other,0.00000000,0.00000002
2008,47,USA,0.00000100,0.00136692
2008,47,ISR,0.00000029,0.00037464
2008,47,URY,0.00000012,0.00006566
2008,47,ITA,0.00000000,0.00000108
2008,48,ISR,0.00004158,0.00794431
2008,48,JOR,0.00000331,0.00240775
2008,48,TUR,0.00000122,0.00036464
2008,48,EGY,0.00000100,0.00073325
2008,48,CHN,0.00000088,0.00051882
2008,48,Other,0.00000302,0.00237696
2008,49,ISR,0.00000543,0.00048857
2008,49,FRA,0.00000050,0.00003490
2008,49,EGY,0.00000039,0.00003317
2008,49,JOR,0.00000031,0.00016616
2008,49,CHN,0.00000019,0.00001600
2008,49,Other,0.00000036,0.00002449
2008,50,ISR,0.00000026,0.00000008
2008,50,NZL,0.00000004,0.00000000
2008,50,CHN,0.00000004,0.00000000
2008,50,USA,0.00000004,0.00000000
2008,50,AUS,0.00000003,0.00000000
2008,50,Other,0.00000000,0.00000003
2008,51,EGY,0.00000004,0.00000166
2008,51,ISR,0.00000001,0.00000011
2008,51,CHN,0.00000000,0.00000028
2008,51,TUR,0.00000000,0.00000020
2008,52,IND,0.00000081,0.00033317
2008,52,ISR,0.00000067,0.00013239
2008,52,TUR,0.00000029,0.00005143
2008,52,CHN,0.00000023,0.00005884
2008,52,KOR,0.00000006,0.00002381
2008,52,Other,0.00000006,0.00000478
2008,53,EGY,0.00000004,0.00001497
2008,53,KEN,0.00000001,0.00000289
2008,53,THA,0.00000001,0.00000000
2008,53,CHN,0.00000000,0.00000214
2008,53,JOR,0.00000000,0.00000006
2008,54,ISR,0.00000356,0.00039910
2008,54,CHN,0.00000184,0.00013987
2008,54,TUR,0.00000108,0.00011725
2008,54,JOR,0.00000023,0.00010990
2008,54,KOR,0.00000018,0.00004714
2008,54,Other,0.00000038,0.00004606
2008,55,ISR,0.00000245,0.00029068
2008,55,CHN,0.00000220,0.00080118
2008,55,KOR,0.00000039,0.00022595
2008,55,EGY,0.00000027,0.00003129
2008,55,JOR,0.00000016,0.00006105
2008,55,Other,0.00000032,0.00008833
2008,56,ISR,0.00000060,0.00008812
2008,56,CHN,0.00000050,0.00008205
2008,56,ITA,0.00000049,0.00007182
2008,56,TUR,0.00000007,0.00001394
2008,56,JOR,0.00000003,0.00000693
2008,56,Other,0.00000007,0.00001754
2008,57,TUR,0.00000349,0.00079468
2008,57,BEL,0.00000130,0.00026656
2008,57,ISR,0.00000067,0.00006060
2008,57,NLD,0.00000038,0.00008292
2008,57,JOR,0.00000033,0.00025597
2008,57,Other,0.00000097,0.00011370
2008,58,ISR,0.00000361,0.00001758
2008,58,CHN,0.00000050,0.00004806
2008,58,TUR,0.00000033,0.00000531
2008,58,ITA,0.00000003,0.00000187
2008,58,VNM,0.00000003,0.00000163
2008,58,Other,0.00000005,0.00000389
2008,59,ISR,0.00000058,0.00003594
2008,59,CHN,0.00000039,0.00003057
2008,59,TUR,0.00000015,0.00001465
2008,59,KOR,0.00000005,0.00000213
2008,59,DEU,0.00000003,0.00000262
2008,59,Other,0.00000005,0.00000257
2008,60,ISR,0.00000216,0.00054470
2008,60,TUR,0.00000082,0.00006636
2008,60,CHN,0.00000040,0.00004059
2008,60,JOR,0.00000022,0.00004118
2008,60,BEL,0.00000006,0.00000754
2008,60,Other,0.00000010,0.00001482
2008,61,CHN,0.00000664,0.00019793
2008,61,ISR,0.00000178,0.00005683
2008,61,TUR,0.00000110,0.00002902
2008,61,JOR,0.00000101,0.00002282
2008,61,HKG,0.00000023,0.00000578
2008,61,Other,0.00000035,0.00001011
2008,62,CHN,0.00000912,0.00025162
2008,62,ISR,0.00000699,0.00018719
2008,62,TUR,0.00000411,0.00007830
2008,62,JOR,0.00000034,0.00002366
2008,62,ITA,0.00000016,0.00000769
2008,62,Other,0.00000066,0.00001561
2008,63,CHN,0.00000348,0.00042502
2008,63,EGY,0.00000260,0.00005617
2008,63,ISR,0.00000153,0.00026349
2008,63,TUR,0.00000030,0.00004361
2008,63,DEU,0.00000024,0.00002814
2008,63,Other,0.00000057,0.00011454
2008,64,CHN,0.00000587,0.00029550
2008,64,ISR,0.00000531,0.00029079
2008,64,TUR,0.00000057,0.00003442
2008,64,EGY,0.00000013,0.00000525
2008,64,BRA,0.00000010,0.00000278
2008,64,Other,0.00000009,0.00000673
2008,65,CHN,0.00000023,0.00000167
2008,65,TUR,0.00000002,0.00000052
2008,65,ISR,0.00000001,0.00000038
2008,65,THA,0.00000001,0.00000000
2008,65,DEU,0.00000000,0.00000004
2008,65,Other,0.00000000,0.00000005
2008,66,CHN,0.00000006,0.00000889
2008,66,ISR,0.00000002,0.00000282
2008,66,EGY,0.00000000,0.00000023
2008,66,TUR,0.00000000,0.00000004
2008,66,JOR,0.00000000,0.00000004
2008,66,Other,0.00000000,0.00000003
2008,67,CHN,0.00000012,0.00001844
2008,67,ISR,0.00000001,0.00000131
2008,67,DEU,0.00000000,0.00000006
2008,67,HKG,0.00000000,0.00000024
2008,67,IDN,0.00000000,0.00000013
2008,67,Other,0.00000000,0.00000008
2008,68,ISR,0.00001340,0.01345648
2008,68,CHN,0.00000173,0.00202735
2008,68,OMN,0.00000141,0.00124622
2008,68,IND,0.00000103,0.00136313
2008,68,ITA,0.00000062,0.00036719
2008,68,Other,0.00000154,0.00181398
2008,69,ESP,0.00001000,0.01998911
2008,69,ISR,0.00000959,0.00788610
2008,69,CHN,0.00000399,0.00440572
2008,69,FRA,0.00000119,0.00238322
2008,69,TUR,0.00000064,0.00066712
2008,69,Other,0.00000143,0.00207135
2008,70,ISR,0.00001383,0.00676253
2008,70,CHN,0.00000198,0.00093619
2008,70,TUR,0.00000171,0.00147350
2008,70,EGY,0.00000070,0.00021905
2008,70,FRA,0.00000015,0.00012263
2008,70,Other,0.00000070,0.00041680
2008,71,ISR,0.00002329,0.01690145
2008,71,EGY,0.00000128,0.00108401
2008,71,TUR,0.00000088,0.00101630
2008,71,CAN,0.00000064,0.00059323
2008,71,CHN,0.00000040,0.00009832
2008,71,Other,0.00000109,0.00063037
2008,72,ISR,0.00003876,0.03297098
2008,72,RUS,0.00001124,0.01002784
2008,72,UKR,0.00000672,0.00653911
2008,72,TUR,0.00000640,0.00528197
2008,72,JOR,0.00000246,0.00651835
2008,72,Other,0.00000558,0.00455738
2008,73,ISR,0.00002508,0.00756520
2008,73,CHN,0.00000424,0.00088662
2008,73,FRA,0.00000152,0.00065504
2008,73,EGY,0.00000144,0.00054533
2008,73,TUR,0.00000106,0.00026845
2008,73,Other,0.00000365,0.00135683
2008,74,ISR,0.00000690,0.00026283
2008,74,CHN,0.00000076,0.00004471
2008,74,EGY,0.00000041,0.00004694
2008,74,ITA,0.00000013,0.00000917
2008,74,GRC,0.00000010,0.00000880
2008,74,Other,0.00000011,0.00000743
2008,75,ISR,0.00000096,0.00000145
2008,75,EGY,0.00000053,0.00000500
2008,75,NLD,0.00000000,0.00000006
2008,76,ISR,0.00001401,0.00306023
2008,76,JOR,0.00001108,0.00245495
2008,76,RUS,0.00000385,0.00131707
2008,76,CHN,0.00000276,0.00034032
2008,76,EGY,0.00000161,0.00030549
2008,76,Other,0.00000544,0.00157213
2008,78,ITA,0.00000001,0.00000362
2008,78,CHN,0.00000000,0.00000004
2008,79,CHN,0.00000005,0.00000431
2008,79,ISR,0.00000003,0.00000914
2008,79,GBR,0.00000001,0.00000434
2008,79,CHE,0.00000000,0.00000073
2008,80,ISR,0.00000856,0.00277695
2008,80,TUR,0.00000078,0.00012094
2008,80,IND,0.00000077,0.00012553
2008,80,JOR,0.00000069,0.00081899
2008,80,BFA,0.00000065,0.00298750
2008,80,Other,0.00000126,0.00024088
2008,81,ISR,0.00000028,0.00008046
2008,81,TUR,0.00000014,0.00000550
2008,81,CHN,0.00000012,0.00002309
2008,81,JPN,0.00000001,0.00000029
2008,81,IND,0.00000001,0.00000296
2008,81,Other,0.00000005,0.00000499
2008,82,ISR,0.00000472,0.00028997
2008,82,CHN,0.00000100,0.00009365
2008,82,ITA,0.00000040,0.00001510
2008,82,DEU,0.00000019,0.00000818
2008,82,KOR,0.00000016,0.00000896
2008,82,Other,0.00000086,0.00005680
2008,83,CHN,0.00000209,0.00031641
2008,83,ISR,0.00000130,0.00011409
2008,83,ITA,0.00000056,0.00007061
2008,83,DEU,0.00000033,0.00002733
2008,83,TUR,0.00000026,0.00002146
2008,83,Other,0.00000100,0.00013953
2008,84,ISR,0.00007278,0.00570007
2008,84,CHN,0.00001634,0.00083988
2008,84,KOR,0.00000904,0.00112073
2008,84,ITA,0.00000800,0.00035967
2008,84,DEU,0.00000725,0.00022908
2008,84,Other,0.00002766,0.00201911
2008,85,ISR,0.00005780,0.00340446
2008,85,CHN,0.00000868,0.00041375
2008,85,SWE,0.00000852,0.00002000
2008,85,TUR,0.00000646,0.00054992
2008,85,JOR,0.00000523,0.00033925
2008,85,Other,0.00001309,0.00076515
2008,86,ISR,0.00000027,0.00012931
2008,86,EGY,0.00000000,0.00000011
2008,86,CHN,0.00000000,0.00000150
2008,87,ISR,0.00006389,0.00727639
2008,87,DEU,0.00003796,0.00338542
2008,87,KOR,0.00001964,0.00213546
2008,87,JPN,0.00000908,0.00073761
2008,87,USA,0.00000728,0.00051374
2008,87,Other,0.00003436,0.00341687
2008,88,USA,0.00000002,0.00000001
2008,88,CHN,0.00000002,0.00000000
2008,89,CHN,0.00000001,0.00000044
2008,90,ISR,0.00002322,0.00084901
2008,90,DEU,0.00000496,0.00006922
2008,90,EGY,0.00000369,0.00070858
2008,90,TUR,0.00000316,0.00006129
2008,90,NLD,0.00000302,0.00001118
2008,90,Other,0.00001771,0.00283277
2008,91,ISR,0.00000121,0.00027008
2008,91,CHN,0.00000046,0.00002558
2008,91,TUR,0.00000023,0.00005635
2008,91,IND,0.00000018,0.00006855
2008,91,HKG,0.00000006,0.00000018
2008,91,Other,0.00000021,0.00001015
2008,92,ISR,0.00000066,0.00000015
2008,92,S19,0.00000004,0.00000293
2008,92,CHN,0.00000004,0.00000158
2008,92,GBR,0.00000003,0.00000110
2008,92,EGY,0.00000003,0.00000131
2008,92,Other,0.00000002,0.00000059
2008,93,USA,0.00000013,0.00000036
2008,93,ISR,0.00000000,0.00000004
2008,94,ISR,0.00000708,0.00138581
2008,94,CHN,0.00000573,0.00098423
2008,94,JOR,0.00000136,0.00094283
2008,94,TUR,0.00000109,0.00013675
2008,94,ITA,0.00000070,0.00015283
2008,94,Other,0.00000221,0.00041029
2008,95,ISR,0.00000318,0.00028576
2008,95,CHN,0.00000155,0.00057823
2008,95,TUR,0.00000014,0.00002795
2008,95,IND,0.00000005,0.00000815
2008,95,THA,0.00000005,0.00000491
2008,95,Other,0.00000010,0.00002208
2008,96,ISR,0.00000171,0.00004434
2008,96,CHN,0.00000142,0.00018391
2008,96,IND,0.00000025,0.00000947
2008,96,EGY,0.00000025,0.00002266
2008,96,JOR,0.00000014,0.00005443
2008,96,Other,0.00000061,0.00005923
2008,97,ISR,0.00000006,0.00000000
2008,97,JOR,0.00000000,0.00000010
2008,97,CHN,0.00000000,0.00000000
2008,97,TUR,0.00000000,0.00000000
2008,97,MYS,0.00000000,0.00000000
2009,10,ISR,0.00016462,0.24549813
2009,10,USA,0.00000793,0.00890656
2009,10,THA,0.00000326,0.00366164
2009,10,EGY,0.00000298,0.00406741
2009,10,ESP,0.00000281,0.00316014
2009,10,Other,0.00000242,0.00273879
2009,11,ISR,0.00004915,0.09484926
2009,11,TUR,0.00000511,0.01316671
2009,11,EGY,0.00000211,0.00211502
2009,11,DEU,0.00000054,0.00076799
2009,11,ITA,0.00000029,0.00054984
2009,11,Other,0.00000090,0.00152327
2009,12,ISR,0.00000681,0.00684823
2009,12,EGY,0.00000193,0.00140540
2009,12,ETH,0.00000133,0.00025170
2009,12,NLD,0.00000091,0.00001333
2009,12,CHN,0.00000084,0.00025405
2009,12,Other,0.00000357,0.00133816
2009,13,DNK,0.00000003,0.00000295
2009,13,ESP,0.00000002,0.00000121
2009,13,CHN,0.00000001,0.00000410
2009,13,JOR,0.00000001,0.00000296
2009,13,GRC,0.00000001,0.00000283
2009,13,Other,0.00000002,0.00000467
2009,14,EGY,0.00000004,0.00004153
2009,14,TUR,0.00000002,0.00001816
2009,14,HKG,0.00000001,0.00000756
2009,14,SGP,0.00000001,0.00000153
2009,14,ISR,0.00000000,0.00000488
2009,14,Other,0.00000000,0.00000216
2009,15,EGY,0.00000707,0.00665729
2009,15,ISR,0.00000627,0.00326653
2009,15,TUR,0.00000345,0.00250786
2009,15,MYS,0.00000264,0.00223593
2009,15,USA,0.00000149,0.00107045
2009,15,Other,0.00000454,0.00381734
2009,16,ISR,0.00001354,0.00331570
2009,16,THA,0.00000161,0.00041458
2009,16,JPN,0.00000098,0.00018000
2009,16,JOR,0.00000097,0.00026650
2009,16,PRT,0.00000024,0.00008657
2009,16,Other,0.00000033,0.00008303
2009,17,ISR,0.00003123,0.04623123
2009,17,BRA,0.00000535,0.00836481
2009,17,FRA,0.00000254,0.00438266
2009,17,THA,0.00000241,0.00390643
2009,17,EGY,0.00000228,0.00231413
2009,17,Other,0.00000642,0.00653926
2009,18,ISR,0.00001131,0.00194521
2009,18,NLD,0.00000285,0.00053032
2009,18,TUR,0.00000210,0.00069499
2009,18,ARE,0.00000196,0.00032934
2009,18,GBR,0.00000101,0.00014311
2009,18,Other,0.00000256,0.00052793
2009,19,TUR,0.00001033,0.00501076
2009,19,ISR,0.00000737,0.00233229
2009,19,IRL,0.00000532,0.00057959
2009,19,EGY,0.00000268,0.00110293
2009,19,ITA,0.00000260,0.00078282
2009,19,Other,0.00001083,0.00416935
2009,20,ISR,0.00003129,0.01802526
2009,20,BRA,0.00000641,0.00160372
2009,20,EGY,0.00000374,0.00276163
2009,20,JOR,0.00000248,0.00134180
2009,20,AUS,0.00000121,0.00028766
2009,20,Other,0.00000606,0.00483622
2009,21,ISR,0.00000991,0.00250273
2009,21,EGY,0.00000167,0.00039531
2009,21,JOR,0.00000158,0.00048962
2009,21,POL,0.00000107,0.00017740
2009,21,NLD,0.00000079,0.00016217
2009,21,Other,0.00000475,0.00121968
2009,22,ISR,0.00008031,0.11049530
2009,22,JOR,0.00000362,0.00366630
2009,22,EGY,0.00000224,0.00183471
2009,22,POL,0.00000163,0.00171382
2009,22,SAU,0.00000059,0.00071548
2009,22,Other,0.00000125,0.00123549
2009,23,ISR,0.00011381,0.10603743
2009,23,EGY,0.00000019,0.00013965
2009,23,ESP,0.00000001,0.00000497
2009,24,ISR,0.00003457,0.00192284
2009,24,CHE,0.00000969,0.00044277
2009,24,EGY,0.00000327,0.00018415
2009,24,FRA,0.00000091,0.00007133
2009,24,TUR,0.00000049,0.00005533
2009,24,Other,0.00000053,0.00003235
2009,25,ISR,0.00012547,1.00839396
2009,25,EGY,0.00000065,0.00123148
2009,25,JOR,0.00000055,0.00436085
2009,25,ITA,0.00000015,0.00086601
2009,25,LKA,0.00000006,0.00000000
2009,25,Other,0.00000012,0.00030639
2009,26,ISR,0.00000030,0.00351588
2009,26,IND,0.00000001,0.00000000
2009,26,CHE,0.00000000,0.00000000
2009,27,ISR,0.00112085,0.90401288
2009,27,EGY,0.00000970,0.00007656
2009,27,JOR,0.00000537,0.00013105
2009,27,GRC,0.00000084,0.00067773
2009,27,BEL,0.00000068,0.00055077
2009,27,Other,0.00000216,0.00229044
2009,28,ISR,0.00000875,0.00080956
2009,28,EGY,0.00000597,0.01509012
2009,28,CHN,0.00000170,0.00290791
2009,28,JOR,0.00000077,0.00096307
2009,28,SAU,0.00000019,0.00027600
2009,28,Other,0.00000065,0.00037199
2009,29,ISR,0.00000391,0.00033396
2009,29,IND,0.00000323,0.00004476
2009,29,CHN,0.00000242,0.00055966
2009,29,HUN,0.00000174,0.00063795
2009,29,DEU,0.00000114,0.00049731
2009,29,Other,0.00000453,0.00132494
2009,30,ISR,0.00004707,0.00209891
2009,30,CHE,0.00001599,0.00002579
2009,30,DEU,0.00000593,0.00047375
2009,30,DNK,0.00000411,0.00000350
2009,30,ITA,0.00000264,0.00000276
2009,30,Other,0.00001777,0.00198347
2009,31,ISR,0.00000330,0.01187436
2009,31,QAT,0.00000116,0.00222187
2009,31,ESP,0.00000022,0.00007961
2009,31,DEU,0.00000012,0.00013234
2009,31,USA,0.00000010,0.00000000
2009,31,Other,0.00000024,0.00020249
2009,32,ISR,0.00001168,0.00195507
2009,32,JOR,0.00000638,0.00082189
2009,32,ITA,0.00000158,0.00036821
2009,32,CHN,0.00000071,0.00068893
2009,32,TUR,0.00000047,0.00011616
2009,32,Other,0.00000201,0.00040900
2009,33,ISR,0.00001913,0.00231411
2009,33,FRA,0.00000578,0.00069987
2009,33,EGY,0.00000296,0.00056908
2009,33,DEU,0.00000168,0.00013088
2009,33,GBR,0.00000123,0.00017485
2009,33,Other,0.00000438,0.00062989
2009,34,ISR,0.00002029,0.00739165
2009,34,VNM,0.00000240,0.00089106
2009,34,JOR,0.00000166,0.00083451
2009,34,EGY,0.00000135,0.00076009
2009,34,TUR,0.00000112,0.00023195
2009,34,Other,0.00000338,0.00146722
2009,35,ISR,0.00000266,0.00064786
2009,35,ITA,0.00000055,0.00016493
2009,35,CHN,0.00000024,0.00005149
2009,35,FRA,0.00000021,0.00005224
2009,35,JOR,0.00000018,0.00005091
2009,35,Other,0.00000070,0.00016658
2009,36,ISR,0.00000003,0.00000161
2009,37,ISR,0.00000188,0.00008897
2009,37,USA,0.00000068,0.00003256
2009,37,CHN,0.00000040,0.00002044
2009,37,DEU,0.00000033,0.00002264
2009,37,S19,0.00000012,0.00001149
2009,37,Other,0.00000005,0.00000209
2009,38,ISR,0.00000667,0.00073769
2009,38,FRA,0.00000442,0.00123583
2009,38,DEU,0.00000109,0.00015161
2009,38,CHE,0.00000076,0.00006836
2009,38,JOR,0.00000061,0.00014381
2009,38,Other,0.00000400,0.00151593
2009,39,ISR,0.00003935,0.01021566
2009,39,USA,0.00000715,0.00520388
2009,39,NLD,0.00000537,0.00232332
2009,39,CHN,0.00000415,0.00115169
2009,39,JOR,0.00000276,0.00076450
2009,39,Other,0.00001488,0.00710691
2009,40,ISR,0.00006791,0.03205649
2009,40,EGY,0.00001224,0.00576505
2009,40,TUR,0.00000156,0.00039823
2009,40,NLD,0.00000139,0.00049421
2009,40,CHN,0.00000087,0.00016210
2009,40,Other,0.00000337,0.00091158
2009,41,ISR,0.00000490,0.00033119
2009,41,EGY,0.00000011,0.00000404
2009,41,TUR,0.00000005,0.00000563
2009,41,ITA,0.00000005,0.00000251
2009,41,CHN,0.00000002,0.00000039
2009,41,Other,0.00000001,0.00000034
2009,42,CHN,0.00000125,0.00010298
2009,42,ISR,0.00000121,0.00002950
2009,42,TUR,0.00000003,0.00000135
2009,42,HKG,0.00000003,0.00000283
2009,42,JOR,0.00000003,0.00000071
2009,42,Other,0.00000005,0.00000242
2009,43,ISR,0.00000001,0.00000012
2009,43,NLD,0.00000000,0.00000000
2009,43,TUR,0.00000000,0.00000000
2009,43,CHN,0.00000000,0.00000000
2009,44,ISR,0.00006485,0.08512235
2009,44,CHN,0.00000363,0.00307246
2009,44,DEU,0.00000052,0.00056037
2009,44,BRA,0.00000047,0.00029058
2009,44,GAB,0.00000023,0.00006948
2009,44,Other,0.00000173,0.00188548
2009,45,ISR,0.00000008,0.00000899
2009,45,DEU,0.00000000,0.00000019
2009,45,ITA,0.00000000,0.00000060
2009,45,CHN,0.00000000,0.00000052
2009,46,JOR,0.00000011,0.00004301
2009,46,CHN,0.00000005,0.00001237
2009,46,ISR,0.00000001,0.00000298
2009,46,EGY,0.00000001,0.00000265
2009,46,PHL,0.00000001,0.00000164
2009,46,Other,0.00000000,0.00000002
2009,47,USA,0.00000110,0.00213043
2009,47,JPN,0.00000020,0.00040904
2009,47,URY,0.00000014,0.00024237
2009,47,CAN,0.00000011,0.00019228
2009,47,ARG,0.00000009,0.00017074
2009,47,Other,0.00000014,0.00016351
2009,48,ISR,0.00005314,0.01290676
2009,48,JOR,0.00000280,0.00107802
2009,48,TUR,0.00000107,0.00031850
2009,48,CHN,0.00000099,0.00040778
2009,48,DEU,0.00000086,0.00033123
2009,48,Other,0.00000508,0.00308047
2009,49,ISR,0.00000498,0.00043822
2009,49,FRA,0.00000095,0.00006246
2009,49,JOR,0.00000047,0.00004477
2009,49,EGY,0.00000033,0.00003074
2009,49,GBR,0.00000020,0.00001995
2009,49,Other,0.00000048,0.00004104
2009,50,ISR,0.00000045,0.00000048
2009,50,NZL,0.00000010,0.00002764
2009,50,CHN,0.00000007,0.00001235
2009,50,MEX,0.00000004,0.00001217
2009,50,AUS,0.00000002,0.00000626
2009,50,Other,0.00000000,0.00000000
2009,51,CHN,0.00000001,0.00000027
2009,51,TUR,0.00000000,0.00000027
2009,51,EGY,0.00000000,0.00000000
2009,51,ISR,0.00000000,0.00000001
2009,52,ISR,0.00000315,0.00064123
2009,52,IND,0.00000065,0.00029157
2009,52,TUR,0.00000039,0.00009555
2009,52,NLD,0.00000032,0.00014960
2009,52,CHN,0.00000028,0.00002373
2009,52,Other,0.00000011,0.00002425
2009,53,KEN,0.00000001,0.00000351
2009,53,EGY,0.00000001,0.00000588
2009,53,TZA,0.00000001,0.00000224
2009,53,IND,0.00000001,0.00000000
2009,53,LKA,0.00000001,0.00002560
2009,53,Other,0.00000000,0.00000002
2009,54,ISR,0.00000303,0.00039002
2009,54,CHN,0.00000206,0.00015365
2009,54,TUR,0.00000091,0.00010712
2009,54,JOR,0.00000032,0.00003134
2009,54,KOR,0.00000009,0.00000558
2009,54,Other,0.00000046,0.00006586
2009,55,ISR,0.00000287,0.00032324
2009,55,CHN,0.00000125,0.00024410
2009,55,TUR,0.00000020,0.00004082
2009,55,KOR,0.00000018,0.00012877
2009,55,THA,0.00000013,0.00009665
2009,55,Other,0.00000034,0.00009596
2009,56,ISR,0.00000050,0.00007850
2009,56,ITA,0.00000039,0.00005631
2009,56,CHN,0.00000032,0.00006430
2009,56,GBR,0.00000024,0.00002831
2009,56,TUR,0.00000014,0.00003445
2009,56,Other,0.00000034,0.00007092
2009,57,TUR,0.00000185,0.00035733
2009,57,ISR,0.00000119,0.00009505
2009,57,BEL,0.00000113,0.00025084
2009,57,IND,0.00000056,0.00012234
2009,57,NLD,0.00000028,0.00007041
2009,57,Other,0.00000081,0.00018109
2009,58,ISR,0.00000317,0.00003700
2009,58,CHN,0.00000040,0.00002244
2009,58,EGY,0.00000016,0.00001152
2009,58,TUR,0.00000012,0.00000593
2009,58,S19,0.00000006,0.00000287
2009,58,Other,0.00000010,0.00000454
2009,59,ISR,0.00000054,0.00003635
2009,59,CHN,0.00000045,0.00006224
2009,59,TUR,0.00000026,0.00002682
2009,59,FRA,0.00000003,0.00000238
2009,59,KOR,0.00000002,0.00000345
2009,59,Other,0.00000005,0.00000624
2009,60,ISR,0.00000239,0.00062861
2009,60,TUR,0.00000045,0.00003743
2009,60,CHN,0.00000025,0.00002110
2009,60,BEL,0.00000007,0.00000907
2009,60,DEU,0.00000005,0.00000593
2009,60,Other,0.00000006,0.00000545
2009,61,CHN,0.00000614,0.00018672
2009,61,ISR,0.00000174,0.00005428
2009,61,JOR,0.00000149,0.00002809
2009,61,TUR,0.00000126,0.00003508
2009,61,HKG,0.00000021,0.00000519
2009,61,Other,0.00000025,0.00000786
2009,62,CHN,0.00000993,0.00028750
2009,62,ISR,0.00000806,0.00023682
2009,62,TUR,0.00000453,0.00009043
2009,62,JOR,0.00000050,0.00000659
2009,62,IND,0.00000019,0.00000597
2009,62,Other,0.00000059,0.00001280
2009,63,CHN,0.00000352,0.00044059
2009,63,EGY,0.00000228,0.00032188
2009,63,ISR,0.00000184,0.00034336
2009,63,DEU,0.00000033,0.00004514
2009,63,IND,0.00000030,0.00007323
2009,63,Other,0.00000082,0.00016966
2009,64,ISR,0.00000535,0.00036809
2009,64,CHN,0.00000452,0.00018702
2009,64,TUR,0.00000037,0.00002415
2009,64,JOR,0.00000003,0.00000108
2009,64,EGY,0.00000003,0.00000199
2009,64,Other,0.00000015,0.00000707
2009,65,CHN,0.00000014,0.00000132
2009,65,ISR,0.00000003,0.00000101
2009,65,USA,0.00000001,0.00000045
2009,65,JOR,0.00000001,0.00000014
2009,65,TUR,0.00000000,0.00000008
2009,65,Other,0.00000000,0.00000014
2009,66,CHN,0.00000005,0.00001388
2009,66,ISR,0.00000002,0.00000380
2009,66,HKG,0.00000002,0.00000358
2009,66,TUR,0.00000001,0.00000333
2009,66,EGY,0.00000000,0.00000012
2009,66,Other,0.00000000,0.00000002
2009,67,CHN,0.00000013,0.00001938
2009,67,ISR,0.00000003,0.00000485
2009,67,HKG,0.00000000,0.00000041
2009,67,MYS,0.00000000,0.00000000
2009,68,ISR,0.00002019,0.01877848
2009,68,CHN,0.00000127,0.00079619
2009,68,IND,0.00000122,0.00142525
2009,68,ITA,0.00000101,0.00063842
2009,68,TUR,0.00000047,0.00045258
2009,68,Other,0.00000114,0.00147038
2009,69,ISR,0.00001022,0.00897826
2009,69,CHN,0.00000526,0.00523615
2009,69,ESP,0.00000315,0.00218305
2009,69,TUR,0.00000202,0.00289304
2009,69,ITA,0.00000100,0.00189598
2009,69,Other,0.00000206,0.00290422
2009,70,ISR,0.00001112,0.00775350
2009,70,CHN,0.00000288,0.00175857
2009,70,EGY,0.00000205,0.00147658
2009,70,TUR,0.00000177,0.00164861
2009,70,HUN,0.00000042,0.00000000
2009,70,Other,0.00000114,0.00051837
2009,71,ISR,0.00001677,0.01351560
2009,71,EGY,0.00000779,0.00649612
2009,71,CAN,0.00000088,0.00091260
2009,71,THA,0.00000048,0.00000050
2009,71,CHN,0.00000044,0.00011959
2009,71,Other,0.00000092,0.00057682
2009,72,ISR,0.00004289,0.05431197
2009,72,TUR,0.00003300,0.03242451
2009,72,UKR,0.00000581,0.00708659
2009,72,FRA,0.00000561,0.00180414
2009,72,ESP,0.00000300,0.00395223
2009,72,Other,0.00000538,0.00470774
2009,73,ISR,0.00002676,0.00742926
2009,73,CHN,0.00000351,0.00090781
2009,73,EGY,0.00000227,0.00100304
2009,73,TUR,0.00000150,0.00033361
2009,73,ITA,0.00000077,0.00016835
2009,73,Other,0.00000171,0.00047984
2009,74,ISR,0.00000172,0.00021961
2009,74,CHN,0.00000108,0.00004809
2009,74,HKG,0.00000034,0.00002440
2009,74,EGY,0.00000010,0.00001458
2009,74,ITA,0.00000009,0.00000708
2009,74,Other,0.00000025,0.00002803
2009,75,EGY,0.00000069,0.00000646
2009,75,ISR,0.00000055,0.00000100
2009,75,IND,0.00000007,0.00000253
2009,75,CHN,0.00000001,0.00000004
2009,75,JOR,0.00000000,0.00000015
2009,75,Other,0.00000000,0.00000000
2009,76,ISR,0.00000982,0.00222867
2009,76,JOR,0.00000867,0.00127623
2009,76,NOR,0.00000457,0.00238164
2009,76,CHN,0.00000434,0.00063324
2009,76,TUR,0.00000097,0.00021551
2009,76,Other,0.00000416,0.00146010
2009,78,ISR,0.00000001,0.00000466
2009,78,GBR,0.00000000,0.00000022
2009,79,CHN,0.00000007,0.00000894
2009,79,ISR,0.00000001,0.00000456
2009,79,HKG,0.00000001,0.00000125
2009,79,SWE,0.00000000,0.00000085
2009,79,ITA,0.00000000,0.00000004
2009,80,ISR,0.00001187,0.00443641
2009,80,TUR,0.00000090,0.00009664
2009,80,IND,0.00000080,0.00015319
2009,80,CHN,0.00000052,0.00007539
2009,80,JOR,0.00000051,0.00022659
2009,80,Other,0.00000122,0.00035481
2009,81,ISR,0.00000052,0.00012777
2009,81,EGY,0.00000005,0.00000296
2009,81,TUR,0.00000003,0.00001061
2009,81,THA,0.00000003,0.00000657
2009,81,IND,0.00000003,0.00000602
2009,81,Other,0.00000002,0.00000035
2009,82,ISR,0.00000571,0.00069646
2009,82,CHN,0.00000133,0.00013874
2009,82,ITA,0.00000052,0.00001777
2009,82,DEU,0.00000021,0.00000336
2009,82,FRA,0.00000020,0.00000952
2009,82,Other,0.00000124,0.00004383
2009,83,CHN,0.00000241,0.00040818
2009,83,ISR,0.00000133,0.00011120
2009,83,TUR,0.00000075,0.00008877
2009,83,GRC,0.00000049,0.00005421
2009,83,ITA,0.00000045,0.00006193
2009,83,Other,0.00000104,0.00014357
2009,84,ISR,0.00008568,0.00767595
2009,84,CHN,0.00001450,0.00063622
2009,84,DEU,0.00001344,0.00036159
2009,84,ITA,0.00000615,0.00035724
2009,84,TUR,0.00000487,0.00040927
2009,84,Other,0.00003919,0.00247897
2009,85,ISR,0.00007861,0.00461547
2009,85,SWE,0.00002122,0.00022297
2009,85,CHN,0.00001369,0.00026880
2009,85,TUR,0.00000501,0.00056345
2009,85,JOR,0.00000426,0.00005351
2009,85,Other,0.00001697,0.00073234
2009,86,ISR,0.00000009,0.00000000
2009,87,ISR,0.00007851,0.01004068
2009,87,DEU,0.00002380,0.00218873
2009,87,KOR,0.00002331,0.00181294
2009,87,JPN,0.00001292,0.00112940
2009,87,CZE,0.00000687,0.00056660
2009,87,Other,0.00005773,0.00682517
2009,88,JOR,0.00000001,0.00000001
2009,88,KOR,0.00000001,0.00000007
2009,89,CHN,0.00000000,0.00000007
2009,90,ISR,0.00002996,0.00096313
2009,90,EGY,0.00000506,0.00042554
2009,90,DEU,0.00000472,0.00005135
2009,90,USA,0.00000363,0.00003650
2009,90,CHN,0.00000280,0.00010112
2009,90,Other,0.00002152,0.00073297
2009,91,ISR,0.00000237,0.00051792
2009,91,CHN,0.00000046,0.00005055
2009,91,TUR,0.00000020,0.00000002
2009,91,HKG,0.00000015,0.00000047
2009,91,IND,0.00000010,0.00000297
2009,91,Other,0.00000031,0.00000864
2009,92,ISR,0.00000123,0.00003881
2009,92,EGY,0.00000002,0.00000123
2009,92,GBR,0.00000002,0.00000019
2009,92,CHN,0.00000002,0.00000071
2009,92,NLD,0.00000001,0.00000000
2009,92,Other,0.00000003,0.00000150
2009,94,ISR,0.00000679,0.00131535
2009,94,CHN,0.00000591,0.00093097
2009,94,JOR,0.00000143,0.00026409
2009,94,ITA,0.00000116,0.00025840
2009,94,KOR,0.00000061,0.00010080
2009,94,Other,0.00000336,0.00048031
2009,95,ISR,0.00000431,0.00036705
2009,95,CHN,0.00000174,0.00074903
2009,95,IND,0.00000005,0.00000214
2009,95,THA,0.00000005,0.00000512
2009,95,HKG,0.00000004,0.00000645
2009,95,Other,0.00000014,0.00002378
2009,96,CHN,0.00000194,0.00016192
2009,96,ISR,0.00000104,0.00005262
2009,96,IND,0.00000046,0.00002049
2009,96,TUR,0.00000024,0.00001651
2009,96,EGY,0.00000024,0.00003409
2009,96,Other,0.00000101,0.00009298
2009,97,ISR,0.00000007,0.00000000
2009,97,JOR,0.00000001,0.00000000
2009,97,CHN,0.00000001,0.00000000
2009,97,TUR,0.00000000,0.00000100
2010,10,ISR,0.00017374,0.26041087
2010,10,FRA,0.00000173,0.00492498
2010,10,USA,0.00000140,0.00152251
2010,10,ITA,0.00000119,0.00163857
2010,10,RUS,0.00000088,0.00533450
2010,10,Other,0.00000319,0.00751975
2010,11,ISR,0.00004204,0.01130031
2010,11,TUR,0.00000535,0.01728107
2010,11,EGY,0.00000425,0.00132372
2010,11,DEU,0.00000068,0.00074781
2010,11,CHN,0.00000022,0.00022217
2010,11,Other,0.00000087,0.00098231
2010,12,ISR,0.00000578,0.00277348
2010,12,ETH,0.00000138,0.00028367
2010,12,USA,0.00000127,0.00000000
2010,12,EGY,0.00000090,0.00397198
2010,12,NGA,0.00000050,0.00029740
2010,12,Other,0.00000328,0.00173328
2010,13,CYP,0.00000006,0.00001219
2010,13,DNK,0.00000006,0.00000650
2010,13,ESP,0.00000002,0.00000145
2010,13,EGY,0.00000002,0.00000442
2010,13,DEU,0.00000001,0.00000118
2010,13,Other,0.00000001,0.00000336
2010,14,TUR,0.00000006,0.00004541
2010,14,EGY,0.00000005,0.00003663
2010,14,ISR,0.00000001,0.00000626
2010,15,EGY,0.00000760,0.00866186
2010,15,ISR,0.00000538,0.00331131
2010,15,TUR,0.00000466,0.00334103
2010,15,USA,0.00000226,0.00168865
2010,15,ITA,0.00000158,0.00056057
2010,15,Other,0.00000704,0.00440190
2010,16,ISR,0.00000483,0.00111312
2010,16,THA,0.00000175,0.00046008
2010,16,FRA,0.00000078,0.00023440
2010,16,PRT,0.00000072,0.00019714
2010,16,JPN,0.00000067,0.00011600
2010,16,Other,0.00000023,0.00006090
2010,17,ISR,0.00004188,0.05237686
2010,17,FRA,0.00000621,0.00262200
2010,17,EGY,0.00000570,0.00393206
2010,17,GBR,0.00000559,0.00327884
2010,17,BRA,0.00000320,0.00000000
2010,17,Other,0.00001207,0.00202629
2010,18,ISR,0.00001208,0.00207419
2010,18,TUR,0.00000610,0.00120215
2010,18,NLD,0.00000329,0.00057217
2010,18,ARE,0.00000276,0.00046775
2010,18,JOR,0.00000207,0.00033070
2010,18,Other,0.00000427,0.00081933
2010,19,TUR,0.00001239,0.00691706
2010,19,ISR,0.00000882,0.00276059
2010,19,IRL,0.00000566,0.00087790
2010,19,EGY,0.00000485,0.00207538
2010,19,JOR,0.00000274,0.00092728
2010,19,Other,0.00001198,0.00379416
2010,20,ISR,0.00003083,0.01469236
2010,20,EGY,0.00000561,0.01333688
2010,20,JOR,0.00000305,0.00295181
2010,20,SAU,0.00000232,0.00521294
2010,20,BEL,0.00000204,0.00057530
2010,20,Other,0.00000791,0.00391384
2010,21,ISR,0.00001236,0.00270135
2010,21,JOR,0.00000390,0.00095507
2010,21,EGY,0.00000129,0.00086747
2010,21,CHN,0.00000109,0.00053756
2010,21,NLD,0.00000107,0.00041337
2010,21,Other,0.00000567,0.00099529
2010,22,ISR,0.00008687,0.13112981
2010,22,JOR,0.00000648,0.01418262
2010,22,POL,0.00000476,0.00520791
2010,22,EGY,0.00000330,0.00264477
2010,22,TUR,0.00000191,0.00201450
2010,22,Other,0.00000326,0.00303757
2010,23,ISR,0.00013947,0.01300236
2010,23,EGY,0.00000008,0.00003594
2010,23,ESP,0.00000001,0.00000000
2010,23,TUR,0.00000001,0.00000000
2010,23,GIN,0.00000001,0.00000000
2010,24,ISR,0.00002803,0.00157493
2010,24,CHE,0.00002211,0.00111929
2010,24,EGY,0.00000359,0.00031813
2010,24,BEL,0.00000140,0.00007870
2010,24,CHN,0.00000097,0.00019426
2010,24,Other,0.00000453,0.00048856
2010,25,ISR,0.00012900,0.00302573
2010,25,JOR,0.00000318,0.04570084
2010,25,EGY,0.00000075,0.00974749
2010,25,ITA,0.00000021,0.00026499
2010,25,DEU,0.00000014,0.00006061
2010,25,Other,0.00000030,0.00061969
2010,26,ISR,0.00000013,0.00096991
2010,26,IND,0.00000005,0.00014584
2010,26,TUR,0.00000001,0.00000725
2010,27,ISR,0.00122668,0.56590413
2010,27,EGY,0.00000896,0.00005524
2010,27,JOR,0.00000543,0.00012918
2010,27,ARE,0.00000055,0.00000000
2010,27,USA,0.00000051,0.00000000
2010,27,Other,0.00000242,0.00119269
2010,28,ISR,0.00000906,0.00048821
2010,28,EGY,0.00000539,0.05646828
2010,28,CHN,0.00000157,0.00075217
2010,28,JOR,0.00000117,0.00377717
2010,28,DEU,0.00000019,0.00009228
2010,28,Other,0.00000060,0.00021764
2010,29,ISR,0.00000371,0.00039860
2010,29,IND,0.00000282,0.00000879
2010,29,CHN,0.00000225,0.00037716
2010,29,JPN,0.00000205,0.00090850
2010,29,KOR,0.00000062,0.00001863
2010,29,Other,0.00000217,0.00034862
2010,30,ISR,0.00004054,0.00107169
2010,30,CHE,0.00001542,0.00002576
2010,30,CAN,0.00000502,0.00000898
2010,30,DEU,0.00000487,0.00035965
2010,30,ITA,0.00000336,0.00000027
2010,30,Other,0.00002184,0.00195943
2010,31,ISR,0.00000676,0.00896643
2010,31,ITA,0.00000023,0.00000013
2010,31,EGY,0.00000021,0.00078800
2010,31,JOR,0.00000021,0.00011624
2010,31,USA,0.00000009,0.00000000
2010,31,Other,0.00000020,0.00000303
2010,32,ISR,0.00001581,0.00009194
2010,32,JOR,0.00000835,0.00392673
2010,32,TUR,0.00000142,0.00024013
2010,32,ITA,0.00000136,0.00025446
2010,32,CHN,0.00000105,0.00015564
2010,32,Other,0.00000224,0.00264714
2010,33,ISR,0.00001827,0.00163210
2010,33,FRA,0.00000996,0.00130630
2010,33,EGY,0.00000265,0.00046251
2010,33,TUR,0.00000130,0.00014174
2010,33,ESP,0.00000113,0.00003272
2010,33,Other,0.00000579,0.00064657
2010,34,ISR,0.00002185,0.00802209
2010,34,TUR,0.00000278,0.00042344
2010,34,GBR,0.00000187,0.00077000
2010,34,EGY,0.00000121,0.00122239
2010,34,JOR,0.00000111,0.00176774
2010,34,Other,0.00000399,0.00134613
2010,35,ISR,0.00000268,0.00014446
2010,35,ITA,0.00000048,0.00001642
2010,35,FRA,0.00000033,0.00000000
2010,35,CHN,0.00000028,0.00003392
2010,35,JOR,0.00000027,0.00009426
2010,35,Other,0.00000065,0.00012532
2010,36,ISR,0.00000031,0.00001881
2010,37,ISR,0.00000129,0.00006003
2010,37,DEU,0.00000040,0.00002427
2010,37,USA,0.00000032,0.00001283
2010,37,JPN,0.00000014,0.00000645
2010,37,GBR,0.00000003,0.00000158
2010,37,Other,0.00000006,0.00000440
2010,38,ISR,0.00000601,0.00028700
2010,38,FRA,0.00000271,0.00047615
2010,38,DEU,0.00000104,0.00017405
2010,38,CHE,0.00000069,0.00002137
2010,38,USA,0.00000068,0.00001602
2010,38,Other,0.00000462,0.00131801
2010,39,ISR,0.00004707,0.01052419
2010,39,JOR,0.00000809,0.00599956
2010,39,CHN,0.00000731,0.00102166
2010,39,USA,0.00000518,0.00025718
2010,39,NLD,0.00000475,0.00271868
2010,39,Other,0.00003130,0.00690549
2010,40,ISR,0.00006609,0.02476504
2010,40,EGY,0.00000630,0.00486667
2010,40,CHN,0.00000126,0.00025053
2010,40,NLD,0.00000088,0.00013446
2010,40,ITA,0.00000060,0.00006270
2010,40,Other,0.00000428,0.00106444
2010,41,ISR,0.00000685,0.00037316
2010,41,ITA,0.00000023,0.00001088
2010,41,JOR,0.00000009,0.00005842
2010,41,EGY,0.00000007,0.00001069
2010,41,TUR,0.00000006,0.00000761
2010,41,Other,0.00000001,0.00000090
2010,42,CHN,0.00000157,0.00030004
2010,42,ISR,0.00000138,0.00002632
2010,42,TUR,0.00000006,0.00000174
2010,42,USA,0.00000003,0.00000114
2010,42,VNM,0.00000003,0.00000000
2010,42,Other,0.00000009,0.00000521
2010,43,ISR,0.00000000,0.00000000
2010,43,CHN,0.00000000,0.00000000
2010,43,BGR,0.00000000,0.00000000
2010,44,ISR,0.00006462,0.04313246
2010,44,CHN,0.00000423,0.00313353
2010,44,DEU,0.00000052,0.00054490
2010,44,BRA,0.00000044,0.00029774
2010,44,GRC,0.00000036,0.00007403
2010,44,Other,0.00000268,0.00456920
2010,45,ISR,0.00000009,0.00001057
2010,45,SWE,0.00000002,0.00000449
2010,45,JOR,0.00000000,0.00000170
2010,45,CHN,0.00000000,0.00000015
2010,45,DEU,0.00000000,0.00000003
2010,45,Other,0.00000000,0.00000000
2010,46,JOR,0.00000012,0.00005394
2010,46,CHN,0.00000004,0.00000938
2010,46,ISR,0.00000002,0.00000511
2010,46,EGY,0.00000001,0.00000162
2010,46,BOL,0.00000000,0.00000076
2010,46,Other,0.00000000,0.00000034
2010,47,USA,0.00000157,0.00174443
2010,47,URY,0.00000023,0.00025352
2010,47,JPN,0.00000021,0.00028301
2010,47,ITA,0.00000020,0.00016758
2010,47,JOR,0.00000008,0.00006600
2010,47,Other,0.00000005,0.00003982
2010,48,ISR,0.00004913,0.00934795
2010,48,TUR,0.00001628,0.00020628
2010,48,JOR,0.00000480,0.00250422
2010,48,EGY,0.00000273,0.00219201
2010,48,DEU,0.00000210,0.00069921
2010,48,Other,0.00000711,0.00217996
2010,49,ISR,0.00000527,0.00045303
2010,49,FRA,0.00000084,0.00000451
2010,49,EGY,0.00000059,0.00041636
2010,49,GBR,0.00000047,0.00000012
2010,49,JOR,0.00000044,0.00007314
2010,49,Other,0.00000076,0.00002711
2010,50,ISR,0.00000095,0.00000468
2010,50,CHN,0.00000013,0.00002039
2010,50,NZL,0.00000007,0.00000000
2010,50,MEX,0.00000003,0.00000000
2010,50,JOR,0.00000000,0.00000060
2010,51,CHN,0.00000002,0.00000059
2010,51,DNK,0.00000001,0.00000025
2010,51,KOR,0.00000000,0.00000003
2010,51,ISR,0.00000000,0.00000002
2010,51,HKG,0.00000000,0.00000006
2010,51,Other,0.00000000,0.00000015
2010,52,ISR,0.00000172,0.00024758
2010,52,TUR,0.00000052,0.00011265
2010,52,IND,0.00000029,0.00010735
2010,52,JOR,0.00000014,0.00000883
2010,52,CHN,0.00000014,0.00000835
2010,52,Other,0.00000012,0.00000597
2010,53,TUR,0.00000001,0.00000000
2010,53,LKA,0.00000001,0.00002561
2010,53,KEN,0.00000000,0.00000222
2010,54,ISR,0.00000531,0.00075746
2010,54,CHN,0.00000216,0.00019215
2010,54,TUR,0.00000194,0.00015683
2010,54,JOR,0.00000010,0.00000750
2010,54,USA,0.00000008,0.00000649
2010,54,Other,0.00000033,0.00003286
2010,55,ISR,0.00000195,0.00000000
2010,55,CHN,0.00000092,0.00024219
2010,55,KOR,0.00000038,0.00022855
2010,55,THA,0.00000033,0.00021748
2010,55,TUR,0.00000031,0.00002713
2010,55,Other,0.00000042,0.00023878
2010,56,ITA,0.00000083,0.00006041
2010,56,SAU,0.00000042,0.00012420
2010,56,CHN,0.00000038,0.00003147
2010,56,ISR,0.00000027,0.00003977
2010,56,TUR,0.00000014,0.00002764
2010,56,Other,0.00000035,0.00003128
2010,57,TUR,0.00000248,0.00054173
2010,57,BEL,0.00000133,0.00035112
2010,57,ISR,0.00000095,0.00005058
2010,57,JOR,0.00000062,0.00041402
2010,57,NLD,0.00000038,0.00006230
2010,57,Other,0.00000098,0.00031285
2010,58,ISR,0.00000218,0.00004582
2010,58,CHN,0.00000085,0.00006828
2010,58,TUR,0.00000043,0.00003995
2010,58,ITA,0.00000011,0.00000486
2010,58,DEU,0.00000007,0.00000211
2010,58,Other,0.00000020,0.00001037
2010,59,TUR,0.00000063,0.00008103
2010,59,ISR,0.00000052,0.00003549
2010,59,CHN,0.00000050,0.00004779
2010,59,ITA,0.00000009,0.00001180
2010,59,DEU,0.00000008,0.00000810
2010,59,Other,0.00000013,0.00000990
2010,60,ISR,0.00000325,0.00086481
2010,60,TUR,0.00000066,0.00005659
2010,60,CHN,0.00000055,0.00003418
2010,60,JOR,0.00000034,0.00016158
2010,60,BEL,0.00000005,0.00000708
2010,60,Other,0.00000004,0.00001634
2010,61,CHN,0.00000763,0.00031112
2010,61,TUR,0.00000207,0.00005909
2010,61,JOR,0.00000197,0.00004827
2010,61,ISR,0.00000154,0.00004249
2010,61,HKG,0.00000030,0.00000831
2010,61,Other,0.00000045,0.00001581
2010,62,CHN,0.00001050,0.00028546
2010,62,ISR,0.00000758,0.00024274
2010,62,TUR,0.00000611,0.00013956
2010,62,JOR,0.00000136,0.00023864
2010,62,HKG,0.00000033,0.00001165
2010,62,Other,0.00000106,0.00045347
2010,63,CHN,0.00000445,0.00052065
2010,63,ISR,0.00000248,0.00023236
2010,63,TUR,0.00000054,0.00005065
2010,63,EGY,0.00000042,0.00016585
2010,63,DEU,0.00000029,0.00004135
2010,63,Other,0.00000056,0.00011105
2010,64,ISR,0.00000571,0.00025410
2010,64,CHN,0.00000492,0.00014634
2010,64,TUR,0.00000052,0.00002085
2010,64,HKG,0.00000006,0.00000223
2010,64,JOR,0.00000003,0.00000400
2010,64,Other,0.00000012,0.00001016
2010,65,CHN,0.00000023,0.00000477
2010,65,ISR,0.00000011,0.00000382
2010,65,JOR,0.00000003,0.00000148
2010,65,ITA,0.00000000,0.00000000
2010,65,GBR,0.00000000,0.00000007
2010,65,Other,0.00000001,0.00000011
2010,66,CHN,0.00000008,0.00002053
2010,66,ISR,0.00000003,0.00000646
2010,66,TUR,0.00000003,0.00000457
2010,66,EGY,0.00000001,0.00000060
2010,66,MLT,0.00000001,0.00000043
2010,66,Other,0.00000001,0.00000313
2010,67,CHN,0.00000014,0.00001892
2010,67,ISR,0.00000002,0.00000345
2010,67,PHL,0.00000001,0.00000110
2010,67,USA,0.00000000,0.00000028
2010,67,NAM,0.00000000,0.00000012
2010,67,Other,0.00000000,0.00000005
2010,68,ISR,0.00001571,0.00649384
2010,68,CHN,0.00000301,0.00256730
2010,68,IND,0.00000292,0.00301901
2010,68,OMN,0.00000143,0.00489497
2010,68,EGY,0.00000131,0.00632033
2010,68,Other,0.00000240,0.00239820
2010,69,ISR,0.00001171,0.00475760
2010,69,CHN,0.00000934,0.00883128
2010,69,ESP,0.00000494,0.00312787
2010,69,TUR,0.00000416,0.00697024
2010,69,ITA,0.00000152,0.00240003
2010,69,Other,0.00000261,0.00315204
2010,70,ISR,0.00001642,0.01358744
2010,70,CHN,0.00000365,0.00135924
2010,70,TUR,0.00000252,0.00211304
2010,70,EGY,0.00000248,0.00335345
2010,70,BGR,0.00000092,0.00172143
2010,70,Other,0.00000208,0.00155769
2010,71,ISR,0.00001122,0.00677703
2010,71,EGY,0.00000270,0.00305989
2010,71,TUR,0.00000157,0.00150758
2010,71,CAN,0.00000094,0.00099931
2010,71,CHN,0.00000050,0.00010020
2010,71,Other,0.00000150,0.00081245
2010,72,TUR,0.00004799,0.00914662
2010,72,ISR,0.00004401,0.03721481
2010,72,FRA,0.00000330,0.00178118
2010,72,UKR,0.00000273,0.00183338
2010,72,ESP,0.00000185,0.00098772
2010,72,Other,0.00000603,0.00296410
2010,73,ISR,0.00003626,0.00530320
2010,73,CHN,0.00000513,0.00180099
2010,73,TUR,0.00000176,0.00029602
2010,73,ITA,0.00000141,0.00010900
2010,73,EGY,0.00000136,0.00084901
2010,73,Other,0.00000253,0.00073962
2010,74,ISR,0.00000294,0.00031535
2010,74,CHN,0.00000082,0.00005309
2010,74,ITA,0.00000012,0.00000908
2010,74,DEU,0.00000011,0.00000648
2010,74,CHE,0.00000008,0.00000765
2010,74,Other,0.00000021,0.00001337
2010,75,EGY,0.00000061,0.00020742
2010,75,ISR,0.00000026,0.00000328
2010,75,TUR,0.00000000,0.00000000
2010,75,CHN,0.00000000,0.00000001
2010,75,DEU,0.00000000,0.00000001
2010,76,ISR,0.00001042,0.00031740
2010,76,RUS,0.00000988,0.00410618
2010,76,CHN,0.00000584,0.00059963
2010,76,JOR,0.00000487,0.00162689
2010,76,TUR,0.00000120,0.00009145
2010,76,Other,0.00000238,0.00066880
2010,78,TUR,0.00000000,0.00000000
2010,79,CHN,0.00000023,0.00003332
2010,79,ISR,0.00000003,0.00000848
2010,79,NAM,0.00000002,0.00000240
2010,79,GBR,0.00000000,0.00000151
2010,80,ISR,0.00005098,0.04327614
2010,80,TUR,0.00000196,0.00022079
2010,80,IND,0.00000089,0.00014233
2010,80,VNM,0.00000048,0.00007075
2010,80,USA,0.00000031,0.00007070
2010,80,Other,0.00000142,0.00029285
2010,81,ISR,0.00000547,0.00200161
2010,81,TUR,0.00000004,0.00000867
2010,81,THA,0.00000003,0.00000648
2010,81,DEU,0.00000003,0.00000041
2010,81,BEL,0.00000001,0.00000010
2010,81,Other,0.00000002,0.00000232
2010,82,ISR,0.00000627,0.00002552
2010,82,CHN,0.00000139,0.00008209
2010,82,ITA,0.00000049,0.00001223
2010,82,DEU,0.00000044,0.00000456
2010,82,POL,0.00000035,0.00001224
2010,82,Other,0.00000160,0.00013183
2010,83,CHN,0.00000253,0.00032825
2010,83,ISR,0.00000172,0.00009394
2010,83,TUR,0.00000106,0.00010542
2010,83,ITA,0.00000072,0.00007374
2010,83,FRA,0.00000029,0.00001060
2010,83,Other,0.00000091,0.00012685
2010,84,ISR,0.00010030,0.00833717
2010,84,CHN,0.00001577,0.00071581
2010,84,ITA,0.00001230,0.00049837
2010,84,DEU,0.00001021,0.00032050
2010,84,JOR,0.00000562,0.00052074
2010,84,Other,0.00005181,0.00275630
2010,85,ISR,0.00008846,0.00496575
2010,85,CHN,0.00001162,0.00026515
2010,85,JOR,0.00000807,0.00013947
2010,85,TUR,0.00000686,0.00050142
2010,85,FRA,0.00000298,0.00006240
2010,85,Other,0.00001803,0.00052596
2010,86,ISR,0.00000010,0.00000068
2010,86,CHN,0.00000000,0.00000000
2010,87,ISR,0.00007044,0.00870477
2010,87,DEU,0.00002755,0.00249690
2010,87,KOR,0.00001854,0.00224152
2010,87,CZE,0.00000973,0.00086173
2010,87,JPN,0.00000774,0.00064610
2010,87,Other,0.00004531,0.00479505
2010,88,JOR,0.00000001,0.00000015
2010,88,KOR,0.00000000,0.00000005
2010,90,ISR,0.00003534,0.00123206
2010,90,USA,0.00000879,0.00010781
2010,90,DEU,0.00000554,0.00006763
2010,90,NLD,0.00000418,0.00009059
2010,90,LKA,0.00000409,0.00145763
2010,90,Other,0.00002749,0.00410729
2010,91,ISR,0.00000212,0.00001091
2010,91,CHN,0.00000051,0.00004144
2010,91,TUR,0.00000027,0.00000027
2010,91,JOR,0.00000013,0.00000116
2010,91,IND,0.00000012,0.00001780
2010,91,Other,0.00000045,0.00001640
2010,92,ISR,0.00000113,0.00000000
2010,92,TUR,0.00000010,0.00000273
2010,92,GBR,0.00000006,0.00000161
2010,92,CHN,0.00000006,0.00000120
2010,92,EGY,0.00000003,0.00000133
2010,92,Other,0.00000006,0.00000263
2010,94,CHN,0.00000733,0.00127317
2010,94,ISR,0.00000595,0.00085772
2010,94,JOR,0.00000193,0.00136260
2010,94,ITA,0.00000170,0.00020780
2010,94,GBR,0.00000126,0.00021465
2010,94,Other,0.00000398,0.00065454
2010,95,ISR,0.00000463,0.00039878
2010,95,CHN,0.00000167,0.00017706
2010,95,ITA,0.00000016,0.00000060
2010,95,S19,0.00000011,0.00000203
2010,95,TUR,0.00000008,0.00000775
2010,95,Other,0.00000029,0.00002444
2010,96,CHN,0.00000252,0.00019657
2010,96,ISR,0.00000208,0.00005972
2010,96,JOR,0.00000032,0.00014099
2010,96,IND,0.00000029,0.00000065
2010,96,TUR,0.00000028,0.00002953
2010,96,Other,0.00000117,0.00011963
2010,97,ISR,0.00000002,0.00000000
2010,97,FRA,0.00000001,0.00000010
2010,97,JOR,0.00000001,0.00000046
2010,97,CHN,0.00000000,0.00000000
2011,10,ISR,0.00019270,0.29125656
2011,10,USA,0.00000265,0.00312386
2011,10,THA,0.00000115,0.00136004
2011,10,ITA,0.00000101,0.00120940
2011,10,ESP,0.00000050,0.00026764
2011,10,Other,0.00000116,0.00114347
2011,11,ISR,0.00005395,0.09815528
2011,11,TUR,0.00001031,0.02518676
2011,11,UKR,0.00000149,0.00409346
2011,11,RUS,0.00000119,0.00212530
2011,11,DEU,0.00000088,0.00071385
2011,11,Other,0.00000187,0.00343790
2011,12,ISR,0.00000825,0.00776975
2011,12,ETH,0.00000138,0.00022521
2011,12,NGA,0.00000098,0.00058960
2011,12,CHN,0.00000077,0.00027925
2011,12,BFA,0.00000069,0.00042366
2011,12,Other,0.00000446,0.00216540
2011,13,CYP,0.00000006,0.00001297
2011,13,NGA,0.00000005,0.00000943
2011,13,DNK,0.00000005,0.00000512
2011,13,DEU,0.00000005,0.00000507
2011,13,GRC,0.00000004,0.00000980
2011,13,Other,0.00000008,0.00002116
2011,14,ISR,0.00000008,0.00005458
2011,14,EGY,0.00000005,0.00005159
2011,14,CHN,0.00000001,0.00000689
2011,15,EGY,0.00000771,0.00498221
2011,15,ISR,0.00000674,0.00487039
2011,15,TUR,0.00000411,0.00259297
2011,15,MYS,0.00000404,0.00329211
2011,15,USA,0.00000257,0.00190554
2011,15,Other,0.00000630,0.00439764
2011,16,ISR,0.00000418,0.00101736
2011,16,BRA,0.00000193,0.00050756
2011,16,THA,0.00000150,0.00041090
2011,16,PRT,0.00000036,0.00011973
2011,16,FRA,0.00000036,0.00008824
2011,16,Other,0.00000061,0.00021463
2011,17,ISR,0.00003889,0.05928070
2011,17,BRA,0.00000939,0.01323917
2011,17,GBR,0.00000715,0.00850510
2011,17,FRA,0.00000431,0.00580564
2011,17,GTM,0.00000359,0.00511775
2011,17,Other,0.00001655,0.01537304
2011,18,ISR,0.00001718,0.00295032
2011,18,TUR,0.00000557,0.00161424
2011,18,NLD,0.00000361,0.00064163
2011,18,ARE,0.00000264,0.00045086
2011,18,JOR,0.00000159,0.00032198
2011,18,Other,0.00000422,0.00079390
2011,19,TUR,0.00001447,0.00664791
2011,19,ISR,0.00000947,0.00299331
2011,19,EGY,0.00000486,0.00219362
2011,19,IRL,0.00000376,0.00042926
2011,19,JOR,0.00000312,0.00182519
2011,19,Other,0.00001667,0.00520213
2011,20,ISR,0.00002993,0.01543014
2011,20,BRA,0.00001334,0.00312553
2011,20,EGY,0.00000977,0.00602076
2011,20,JOR,0.00000542,0.00826935
2011,20,CHN,0.00000398,0.00139334
2011,20,Other,0.00000786,0.00338167
2011,21,ISR,0.00001435,0.00390136
2011,21,JOR,0.00000556,0.00096882
2011,21,EGY,0.00000184,0.00054097
2011,21,FIN,0.00000142,0.00023312
2011,21,FRA,0.00000123,0.00009861
2011,21,Other,0.00000784,0.00186014
2011,22,ISR,0.00009694,0.14183879
2011,22,JOR,0.00000619,0.01495655
2011,22,TUR,0.00000516,0.00580474
2011,22,SAU,0.00000408,0.00379526
2011,22,EGY,0.00000269,0.00235929
2011,22,Other,0.00000309,0.00225018
2011,23,ISR,0.00009419,0.11727106
2011,23,TUR,0.00000002,0.00001321
2011,23,NZL,0.00000002,0.00001231
2011,23,GBR,0.00000000,0.00000140
2011,23,GMB,0.00000000,0.00000050
2011,24,ISR,0.00002281,0.00143841
2011,24,CHE,0.00001222,0.00090432
2011,24,SWE,0.00000499,0.00031461
2011,24,FRA,0.00000267,0.00016831
2011,24,EGY,0.00000217,0.00037579
2011,24,Other,0.00000513,0.00072136
2011,25,ISR,0.00014072,1.30872250
2011,25,JOR,0.00000443,0.10769272
2011,25,ITA,0.00000045,0.00094004
2011,25,EGY,0.00000043,0.00186367
2011,25,CHN,0.00000020,0.00106138
2011,25,Other,0.00000024,0.00060978
2011,26,ISR,0.00000080,0.00705234
2011,27,ISR,0.00146923,1.22818116
2011,27,EGY,0.00001048,0.00015278
2011,27,JOR,0.00000840,0.00021136
2011,27,TUR,0.00000093,0.00034980
2011,27,USA,0.00000061,0.00044436
2011,27,Other,0.00000331,0.00305040
2011,28,ISR,0.00001030,0.00414294
2011,28,EGY,0.00000350,0.01258078
2011,28,JOR,0.00000217,0.00319741
2011,28,CHN,0.00000073,0.00082720
2011,28,FRA,0.00000018,0.00012398
2011,28,Other,0.00000073,0.00089896
2011,29,ISR,0.00001578,0.00144767
2011,29,IND,0.00000348,0.00002989
2011,29,HUN,0.00000323,0.00112503
2011,29,CHN,0.00000306,0.00050765
2011,29,JPN,0.00000061,0.00028286
2011,29,Other,0.00000303,0.00078813
2011,30,ISR,0.00005303,0.00251697
2011,30,CHE,0.00001795,0.00002716
2011,30,DEU,0.00000664,0.00076503
2011,30,USA,0.00000578,0.00000471
2011,30,SWE,0.00000576,0.00000005
2011,30,Other,0.00002237,0.00180898
2011,31,ISR,0.00000517,0.00271633
2011,31,JOR,0.00000054,0.00061563
2011,31,BEL,0.00000028,0.00036032
2011,31,ITA,0.00000025,0.00019501
2011,31,EGY,0.00000023,0.00047400
2011,31,Other,0.00000045,0.00023880
2011,32,ISR,0.00001838,0.00232257
2011,32,JOR,0.00001013,0.00542123
2011,32,TUR,0.00000209,0.00040003
2011,32,ITA,0.00000189,0.00046208
2011,32,EGY,0.00000146,0.00045827
2011,32,Other,0.00000355,0.00081142
2011,33,ISR,0.00001931,0.00233411
2011,33,FRA,0.00000826,0.00126029
2011,33,EGY,0.00000201,0.00043903
2011,33,ITA,0.00000139,0.00020159
2011,33,DEU,0.00000132,0.00009865
2011,33,Other,0.00000818,0.00101126
2011,34,ISR,0.00002656,0.00998300
2011,34,TUR,0.00000269,0.00048967
2011,34,GBR,0.00000160,0.00085726
2011,34,EGY,0.00000135,0.00140109
2011,34,DEU,0.00000111,0.00041256
2011,34,Other,0.00000326,0.00264279
2011,35,ISR,0.00000394,0.00100875
2011,35,CHN,0.00000064,0.00017713
2011,35,ITA,0.00000045,0.00011339
2011,35,FRA,0.00000036,0.00008500
2011,35,JOR,0.00000027,0.00009841
2011,35,Other,0.00000122,0.00024049
2011,36,ISR,0.00000044,0.00002930
2011,36,TUR,0.00000001,0.00000160
2011,36,DEU,0.00000000,0.00000003
2011,37,ISR,0.00000122,0.00005026
2011,37,USA,0.00000036,0.00001648
2011,37,DEU,0.00000024,0.00001207
2011,37,CHN,0.00000002,0.00000128
2011,37,GBR,0.00000002,0.00000106
2011,37,Other,0.00000006,0.00000313
2011,38,ISR,0.00000781,0.00098454
2011,38,FRA,0.00000247,0.00056222
2011,38,JOR,0.00000223,0.02379363
2011,38,EGY,0.00000166,0.00091843
2011,38,DEU,0.00000161,0.00024616
2011,38,Other,0.00000694,0.00223159
2011,39,ISR,0.00005790,0.01370563
2011,39,SAU,0.00001332,0.00809828
2011,39,JOR,0.00000925,0.00689201
2011,39,KOR,0.00000915,0.00424212
2011,39,CHN,0.00000878,0.00260466
2011,39,Other,0.00003918,0.01682865
2011,40,ISR,0.00008307,0.04074266
2011,40,EGY,0.00000338,0.00188596
2011,40,CHN,0.00000173,0.00029098
2011,40,NLD,0.00000134,0.00024583
2011,40,FRA,0.00000116,0.00031948
2011,40,Other,0.00000715,0.00182559
2011,41,ISR,0.00000903,0.00055502
2011,41,ITA,0.00000040,0.00003913
2011,41,EGY,0.00000019,0.00005969
2011,41,TUR,0.00000013,0.00002194
2011,41,JOR,0.00000003,0.00001681
2011,41,Other,0.00000002,0.00000122
2011,42,CHN,0.00000240,0.00012462
2011,42,ISR,0.00000219,0.00008343
2011,42,TUR,0.00000021,0.00000955
2011,42,JOR,0.00000006,0.00000359
2011,42,USA,0.00000006,0.00000239
2011,42,Other,0.00000012,0.00000775
2011,43,CHN,0.00000000,0.00000001
2011,44,ISR,0.00008439,0.12164026
2011,44,CHN,0.00000547,0.00535281
2011,44,DEU,0.00000092,0.00111545
2011,44,USA,0.00000055,0.00055338
2011,44,EGY,0.00000043,0.00075149
2011,44,Other,0.00000220,0.00193088
2011,45,ISR,0.00000023,0.00002451
2011,45,CHN,0.00000002,0.00000682
2011,45,JOR,0.00000001,0.00000702
2011,45,DEU,0.00000000,0.00000010
2011,45,JPN,0.00000000,0.00000003
2011,46,JOR,0.00000021,0.00006998
2011,46,CHN,0.00000012,0.00002594
2011,46,ISR,0.00000004,0.00000764
2011,46,EGY,0.00000001,0.00000123
2011,46,HKG,0.00000000,0.00000014
2011,46,Other,0.00000000,0.00000015
2011,47,USA,0.00000268,0.00293108
2011,47,JPN,0.00000025,0.00030187
2011,47,SWE,0.00000002,0.00003015
2011,47,DEU,0.00000001,0.00000804
2011,48,ISR,0.00005556,0.04599492
2011,48,EGY,0.00000491,0.00466860
2011,48,JOR,0.00000353,0.00197267
2011,48,TUR,0.00000297,0.00050032
2011,48,DEU,0.00000217,0.00175195
2011,48,Other,0.00000798,0.00435370
2011,49,ISR,0.00000698,0.00074542
2011,49,GBR,0.00000077,0.00007473
2011,49,JOR,0.00000064,0.00011037
2011,49,ITA,0.00000054,0.00006918
2011,49,CHN,0.00000049,0.00004108
2011,49,Other,0.00000267,0.00028203
2011,50,ISR,0.00000050,0.00000030
2011,50,NZL,0.00000002,0.00000000
2011,50,IND,0.00000002,0.00000000
2011,50,BGD,0.00000001,0.00000000
2011,50,CHN,0.00000001,0.00000000
2011,50,Other,0.00000001,0.00000000
2011,51,CHN,0.00000001,0.00000059
2011,51,ISR,0.00000000,0.00000002
2011,51,TUR,0.00000000,0.00000002
2011,51,ITA,0.00000000,0.00000000
2011,52,ISR,0.00000226,0.00044691
2011,52,TUR,0.00000077,0.00015240
2011,52,CHN,0.00000037,0.00006741
2011,52,IND,0.00000019,0.00005849
2011,52,EGY,0.00000014,0.00001700
2011,52,Other,0.00000019,0.00006126
2011,53,KEN,0.00000001,0.00000547
2011,53,IND,0.00000001,0.00000361
2011,54,ISR,0.00000570,0.00062588
2011,54,CHN,0.00000233,0.00017595
2011,54,TUR,0.00000128,0.00010058
2011,54,USA,0.00000018,0.00001923
2011,54,NLD,0.00000013,0.00000553
2011,54,Other,0.00000081,0.00012771
2011,55,ISR,0.00000190,0.00022128
2011,55,CHN,0.00000164,0.00052249
2011,55,THA,0.00000066,0.00042267
2011,55,TUR,0.00000049,0.00005624
2011,55,KOR,0.00000026,0.00016288
2011,55,Other,0.00000062,0.00038837
2011,56,ITA,0.00000072,0.00015677
2011,56,CHN,0.00000052,0.00007831
2011,56,JOR,0.00000027,0.00008020
2011,56,TUR,0.00000018,0.00002559
2011,56,ISR,0.00000014,0.00001905
2011,56,Other,0.00000029,0.00004872
2011,57,TUR,0.00000576,0.00137707
2011,57,ISR,0.00000103,0.00005220
2011,57,BEL,0.00000097,0.00022854
2011,57,JOR,0.00000083,0.00047601
2011,57,IND,0.00000042,0.00009123
2011,57,Other,0.00000101,0.00022052
2011,58,ISR,0.00000305,0.00013857
2011,58,CHN,0.00000078,0.00003527
2011,58,TUR,0.00000067,0.00006438
2011,58,EGY,0.00000023,0.00001540
2011,58,DEU,0.00000013,0.00000326
2011,58,Other,0.00000025,0.00001929
2011,59,ISR,0.00000102,0.00007026
2011,59,CHN,0.00000077,0.00013496
2011,59,TUR,0.00000032,0.00004779
2011,59,DEU,0.00000005,0.00000564
2011,59,FRA,0.00000005,0.00000409
2011,59,Other,0.00000014,0.00001362
2011,60,ISR,0.00000277,0.00074854
2011,60,TUR,0.00000115,0.00008348
2011,60,CHN,0.00000060,0.00005835
2011,60,JOR,0.00000056,0.00005626
2011,60,SAU,0.00000010,0.00000928
2011,60,Other,0.00000015,0.00001579
2011,61,CHN,0.00000780,0.00030580
2011,61,TUR,0.00000298,0.00008083
2011,61,JOR,0.00000202,0.00004946
2011,61,ISR,0.00000181,0.00005425
2011,61,HKG,0.00000023,0.00000718
2011,61,Other,0.00000036,0.00001156
2011,62,CHN,0.00001316,0.00026652
2011,62,TUR,0.00000878,0.00013731
2011,62,ISR,0.00000755,0.00022432
2011,62,JOR,0.00000167,0.00033941
2011,62,ITA,0.00000024,0.00000501
2011,62,Other,0.00000099,0.00002720
2011,63,CHN,0.00000500,0.00058789
2011,63,ISR,0.00000246,0.00039447
2011,63,TUR,0.00000031,0.00003374
2011,63,IND,0.00000021,0.00003341
2011,63,JOR,0.00000021,0.00008235
2011,63,Other,0.00000047,0.00007257
2011,64,ISR,0.00000859,0.00053466
2011,64,CHN,0.00000702,0.00028625
2011,64,TUR,0.00000064,0.00003909
2011,64,NCL,0.00000009,0.00000306
2011,64,JOR,0.00000005,0.00001179
2011,64,Other,0.00000022,0.00001095
2011,65,CHN,0.00000018,0.00000415
2011,65,ISR,0.00000003,0.00000112
2011,65,JOR,0.00000002,0.00000052
2011,65,ITA,0.00000001,0.00000001
2011,65,FRA,0.00000000,0.00000009
2011,65,Other,0.00000000,0.00000004
2011,66,ISR,0.00000022,0.00004011
2011,66,CHN,0.00000006,0.00001883
2011,66,JOR,0.00000000,0.00000041
2011,66,EGY,0.00000000,0.00000011
2011,66,HKG,0.00000000,0.00000007
2011,66,Other,0.00000000,0.00000024
2011,67,CHN,0.00000030,0.00001776
2011,67,ISR,0.00000006,0.00000943
2011,67,DEU,0.00000000,0.00000003
2011,67,IND,0.00000000,0.00000004
2011,67,TUR,0.00000000,0.00000000
2011,67,Other,0.00000000,0.00000000
2011,68,ISR,0.00008293,0.10435720
2011,68,IND,0.00000354,0.00431355
2011,68,CHN,0.00000304,0.00204156
2011,68,OMN,0.00000100,0.00126187
2011,68,JOR,0.00000093,0.00186185
2011,68,Other,0.00000389,0.00386367
2011,69,ISR,0.00001407,0.01479705
2011,69,CHN,0.00000933,0.00992908
2011,69,ESP,0.00000710,0.00548916
2011,69,EGY,0.00000181,0.00294657
2011,69,FRA,0.00000173,0.00347048
2011,69,Other,0.00000346,0.00680740
2011,70,ISR,0.00001363,0.01376038
2011,70,CHN,0.00000434,0.00176427
2011,70,TUR,0.00000359,0.00404858
2011,70,EGY,0.00000131,0.00078120
2011,70,SAU,0.00000062,0.00169498
2011,70,Other,0.00000212,0.00157420
2011,71,ISR,0.00000868,0.00599761
2011,71,EGY,0.00000235,0.00161876
2011,71,TUR,0.00000113,0.00099495
2011,71,CAN,0.00000092,0.00088927
2011,71,CHN,0.00000090,0.00008943
2011,71,Other,0.00000132,0.00058582
2011,72,TUR,0.00005975,0.09118810
2011,72,ISR,0.00004274,0.05251062
2011,72,CHN,0.00000237,0.00233004
2011,72,ESP,0.00000230,0.00223287
2011,72,UKR,0.00000166,0.00249420
2011,72,Other,0.00000492,0.00548066
2011,73,ISR,0.00003416,0.00997486
2011,73,CHN,0.00000511,0.00132989
2011,73,TUR,0.00000265,0.00082836
2011,73,EGY,0.00000223,0.00089278
2011,73,JOR,0.00000122,0.00077869
2011,73,Other,0.00000322,0.00136598
2011,74,ISR,0.00001988,0.00306687
2011,74,CHN,0.00000217,0.00016731
2011,74,ITA,0.00000053,0.00003843
2011,74,DEU,0.00000013,0.00001142
2011,74,NAM,0.00000006,0.00000399
2011,74,Other,0.00000018,0.00001271
2011,75,ISR,0.00000214,0.00011778
2011,75,EGY,0.00000081,0.00025751
2011,75,ITA,0.00000000,0.00000002
2011,75,JOR,0.00000000,0.00000035
2011,75,DEU,0.00000000,0.00000001
2011,76,ISR,0.00001517,0.00488393
2011,76,RUS,0.00000891,0.00369925
2011,76,CHN,0.00000783,0.00148822
2011,76,JOR,0.00000633,0.00126582
2011,76,AUS,0.00000115,0.00046839
2011,76,Other,0.00000493,0.00130229
2011,78,ISR,0.00000003,0.00001136
2011,78,TUR,0.00000003,0.00001099
2011,78,CHN,0.00000000,0.00000052
2011,79,CHN,0.00000011,0.00001106
2011,79,ISR,0.00000003,0.00000879
2011,79,DEU,0.00000000,0.00000101
2011,79,FRA,0.00000000,0.00000008
2011,79,IND,0.00000000,0.00000001
2011,80,ISR,0.00005952,0.04421114
2011,80,IND,0.00000117,0.00020997
2011,80,TUR,0.00000084,0.00011005
2011,80,VNM,0.00000068,0.00010906
2011,80,CHN,0.00000059,0.00010738
2011,80,Other,0.00000120,0.00045532
2011,81,ISR,0.00000396,0.00190933
2011,81,TUR,0.00000009,0.00002319
2011,81,USA,0.00000003,0.00001516
2011,81,ITA,0.00000002,0.00001138
2011,81,DEU,0.00000002,0.00000062
2011,81,Other,0.00000002,0.00000350
2011,82,ISR,0.00001006,0.00129082
2011,82,CHN,0.00000176,0.00017305
2011,82,DEU,0.00000117,0.00003533
2011,82,ITA,0.00000074,0.00002342
2011,82,GBR,0.00000031,0.00000088
2011,82,Other,0.00000240,0.00013875
2011,83,CHN,0.00000307,0.00043691
2011,83,ISR,0.00000196,0.00014616
2011,83,TUR,0.00000128,0.00012761
2011,83,ITA,0.00000092,0.00009169
2011,83,EGY,0.00000031,0.00002331
2011,83,Other,0.00000099,0.00015726
2011,84,ISR,0.00011864,0.01145627
2011,84,CHN,0.00002278,0.00146769
2011,84,DEU,0.00002081,0.00076441
2011,84,ITA,0.00000978,0.00060805
2011,84,JOR,0.00000791,0.00094789
2011,84,Other,0.00005630,0.00352607
2011,85,ISR,0.00010724,0.00480946
2011,85,JOR,0.00001657,0.00007882
2011,85,SWE,0.00001241,0.00027034
2011,85,CHN,0.00000963,0.00048598
2011,85,TUR,0.00000737,0.00093450
2011,85,Other,0.00002608,0.00078833
2011,86,ISR,0.00000015,0.00000000
2011,86,CYP,0.00000000,0.00000000
2011,86,CHN,0.00000000,0.00000000
2011,87,ISR,0.00005786,0.00755559
2011,87,DEU,0.00003323,0.00347289
2011,87,KOR,0.00003038,0.00332025
2011,87,CZE,0.00001081,0.00095321
2011,87,ESP,0.00001075,0.00095572
2011,87,Other,0.00005702,0.00597958
2011,89,TUR,0.00000001,0.00000000
2011,90,ISR,0.00002806,0.00092590
2011,90,DEU,0.00000772,0.00009647
2011,90,USA,0.00000354,0.00004638
2011,90,BRA,0.00000306,0.00079367
2011,90,NLD,0.00000290,0.00005152
2011,90,Other,0.00003032,0.00441399
2011,91,ISR,0.00000240,0.00045773
2011,91,CHN,0.00000065,0.00007678
2011,91,IND,0.00000051,0.00015765
2011,91,TUR,0.00000040,0.00008784
2011,91,HKG,0.00000014,0.00000115
2011,91,Other,0.00000035,0.00004595
2011,92,ISR,0.00000063,0.00000013
2011,92,TUR,0.00000005,0.00000302
2011,92,CHN,0.00000004,0.00000118
2011,92,EGY,0.00000002,0.00000097
2011,92,HKG,0.00000001,0.00000015
2011,92,Other,0.00000001,0.00000003
2011,93,CZE,0.00000000,0.00000018
2011,94,CHN,0.00000821,0.00154471
2011,94,ISR,0.00000749,0.00138133
2011,94,JOR,0.00000279,0.00153959
2011,94,TUR,0.00000180,0.00035411
2011,94,ITA,0.00000136,0.00027431
2011,94,Other,0.00000480,0.00088162
2011,95,ISR,0.00000660,0.00055574
2011,95,CHN,0.00000232,0.00022339
2011,95,S19,0.00000015,0.00002783
2011,95,ITA,0.00000014,0.00000167
2011,95,IND,0.00000008,0.00000351
2011,95,Other,0.00000027,0.00004431
2011,96,ISR,0.00000445,0.00008129
2011,96,CHN,0.00000251,0.00026484
2011,96,IND,0.00000048,0.00002060
2011,96,TUR,0.00000030,0.00003500
2011,96,JOR,0.00000025,0.00009366
2011,96,Other,0.00000118,0.00013115
2011,97,ISR,0.00000003,0.00000000
2011,97,CHN,0.00000001,0.00000000
2011,97,USA,0.00000000,0.00000000
2011,97,ITA,0.00000000,0.00000000
2011,97,HKG,0.00000000,0.00000000
2012,10,ISR,0.00023691,0.28088959
2012,10,USA,0.00000574,0.00603197
2012,10,ESP,0.00000407,0.00422974
2012,10,THA,0.00000346,0.00359555
2012,10,IND,0.00000155,0.00161499
2012,10,Other,0.00000365,0.00866113
2012,11,ISR,0.00005112,0.07702832
2012,11,TUR,0.00001576,0.03770273
2012,11,UKR,0.00000251,0.00324799
2012,11,DEU,0.00000118,0.00123989
2012,11,ITA,0.00000046,0.00074798
2012,11,Other,0.00000133,0.00190452
2012,12,ISR,0.00001045,0.00677233
2012,12,ETH,0.00000309,0.00000000
2012,12,NGA,0.00000068,0.00000000
2012,12,BFA,0.00000062,0.00000000
2012,12,CHN,0.00000057,0.00014914
2012,12,Other,0.00000335,0.00095547
2012,13,DNK,0.00000005,0.00000507
2012,13,ISR,0.00000003,0.00000000
2012,13,EGY,0.00000002,0.00000000
2012,13,JPN,0.00000002,0.00000000
2012,13,CHN,0.00000001,0.00000026
2012,13,Other,0.00000001,0.00000000
2012,14,EGY,0.00000006,0.00005043
2012,14,ISR,0.00000006,0.00005823
2012,14,TUR,0.00000000,0.00000306
2012,14,GBR,0.00000000,0.00000117
2012,15,ISR,0.00000596,0.00350538
2012,15,EGY,0.00000524,0.00322161
2012,15,TUR,0.00000504,0.00322570
2012,15,MYS,0.00000355,0.00226795
2012,15,ITA,0.00000208,0.00113830
2012,15,Other,0.00000795,0.00494180
2012,16,ISR,0.00000651,0.00144127
2012,16,THA,0.00000242,0.00056250
2012,16,BRA,0.00000152,0.00037093
2012,16,PRT,0.00000079,0.00019343
2012,16,PER,0.00000013,0.00001689
2012,16,Other,0.00000041,0.00009083
2012,17,ISR,0.00004080,0.05553911
2012,17,FRA,0.00000303,0.00404294
2012,17,BRA,0.00000241,0.00253161
2012,17,THA,0.00000184,0.00204453
2012,17,GBR,0.00000149,0.00166813
2012,17,Other,0.00000935,0.00654320
2012,18,ISR,0.00001302,0.00225299
2012,18,TUR,0.00000589,0.00204817
2012,18,NLD,0.00000507,0.00083837
2012,18,EGY,0.00000207,0.00033245
2012,18,JOR,0.00000167,0.00033333
2012,18,Other,0.00000556,0.00094758
2012,19,TUR,0.00001391,0.00678055
2012,19,ISR,0.00001035,0.00310367
2012,19,IRL,0.00000596,0.00085271
2012,19,ITA,0.00000476,0.00099256
2012,19,EGY,0.00000357,0.00121740
2012,19,Other,0.00001742,0.00613283
2012,20,ISR,0.00003753,0.01605632
2012,20,BRA,0.00001982,0.00545349
2012,20,EGY,0.00000575,0.00280270
2012,20,JOR,0.00000349,0.00394809
2012,20,CHN,0.00000293,0.00117204
2012,20,Other,0.00001230,0.00485967
2012,21,ISR,0.00001713,0.00369473
2012,21,FRA,0.00000635,0.00000000
2012,21,JOR,0.00000538,0.00132865
2012,21,BRA,0.00000166,0.00014807
2012,21,THA,0.00000136,0.00006064
2012,21,Other,0.00000885,0.00221964
2012,22,ISR,0.00008499,0.11710680
2012,22,JOR,0.00000645,0.00821415
2012,22,TUR,0.00000455,0.00555536
2012,22,SAU,0.00000364,0.00299917
2012,22,POL,0.00000242,0.00248263
2012,22,Other,0.00000646,0.00631080
2012,23,ISR,0.00009717,0.09157291
2012,23,ESP,0.00000002,0.00000803
2012,23,CAN,0.00000001,0.00000583
2012,23,FRA,0.00000000,0.00000035
2012,24,ISR,0.00005025,0.00295969
2012,24,SWE,0.00001932,0.00114015
2012,24,CHE,0.00001058,0.00082066
2012,24,EGY,0.00000186,0.00016360
2012,24,TUR,0.00000126,0.00005946
2012,24,Other,0.00000242,0.00039205
2012,25,ISR,0.00017442,1.64695632
2012,25,JOR,0.00000850,0.20334917
2012,25,ITA,0.00000019,0.00106915
2012,25,EGY,0.00000011,0.00004626
2012,25,GBR,0.00000011,0.00001988
2012,25,Other,0.00000052,0.00130159
2012,26,ISR,0.00000106,0.00647872
2012,26,DEU,0.00000007,0.00000000
2012,27,ISR,0.00141060,0.86492632
2012,27,JOR,0.00001234,0.00032416
2012,27,EGY,0.00000919,0.00014120
2012,27,BEL,0.00000156,0.00093330
2012,27,TUR,0.00000107,0.00045171
2012,27,Other,0.00000324,0.00235592
2012,28,ISR,0.00001041,0.00517471
2012,28,EGY,0.00000331,0.00964909
2012,28,JOR,0.00000133,0.00323110
2012,28,CHN,0.00000066,0.00074456
2012,28,DEU,0.00000020,0.00011314
2012,28,Other,0.00000073,0.00058658
2012,29,ISR,0.00000442,0.00062747
2012,29,HUN,0.00000340,0.00128682
2012,29,IND,0.00000323,0.00001668
2012,29,CHN,0.00000256,0.00038751
2012,29,JPN,0.00000212,0.00073085
2012,29,Other,0.00000489,0.00086814
2012,30,ISR,0.00005024,0.00107814
2012,30,CHE,0.00001699,0.00002532
2012,30,SWE,0.00000644,0.00000000
2012,30,DEU,0.00000556,0.00109425
2012,30,ITA,0.00000506,0.00000054
2012,30,Other,0.00002318,0.00205069
2012,31,ISR,0.00000376,0.00022040
2012,31,JOR,0.00000065,0.00090938
2012,31,NLD,0.00000041,0.00151334
2012,31,BEL,0.00000024,0.00028498
2012,31,EGY,0.00000022,0.00049553
2012,31,Other,0.00000061,0.00039484
2012,32,ISR,0.00001833,0.00191389
2012,32,JOR,0.00001065,0.00516512
2012,32,ITA,0.00000167,0.00038508
2012,32,TUR,0.00000162,0.00033162
2012,32,CHN,0.00000113,0.00022485
2012,32,Other,0.00000290,0.00052536
2012,33,ISR,0.00002198,0.00245898
2012,33,FRA,0.00000840,0.00122543
2012,33,DEU,0.00000240,0.00023460
2012,33,TUR,0.00000186,0.00027892
2012,33,EGY,0.00000135,0.00029586
2012,33,Other,0.00000714,0.00088782
2012,34,ISR,0.00002119,0.00713341
2012,34,TUR,0.00001188,0.00604942
2012,34,GBR,0.00000297,0.00153294
2012,34,FRA,0.00000286,0.00147319
2012,34,EGY,0.00000167,0.00071482
2012,34,Other,0.00000381,0.00240161
2012,35,ISR,0.00000430,0.00087159
2012,35,CHN,0.00000113,0.00027372
2012,35,FRA,0.00000039,0.00008304
2012,35,ITA,0.00000031,0.00009002
2012,35,JOR,0.00000022,0.00008019
2012,35,Other,0.00000079,0.00012834
2012,36,ISR,0.00000050,0.00003946
2012,36,TUR,0.00000000,0.00000117
2012,36,CHN,0.00000000,0.00000093
2012,36,USA,0.00000000,0.00000002
2012,37,ISR,0.00000084,0.00003981
2012,37,USA,0.00000032,0.00001234
2012,37,DEU,0.00000027,0.00000990
2012,37,BEL,0.00000015,0.00000954
2012,37,CHN,0.00000008,0.00000590
2012,37,Other,0.00000011,0.00000475
2012,38,ISR,0.00000771,0.00089117
2012,38,FRA,0.00000318,0.00006811
2012,38,JOR,0.00000156,0.02033103
2012,38,DEU,0.00000150,0.00020754
2012,38,TUR,0.00000076,0.00024959
2012,38,Other,0.00000657,0.00171699
2012,39,ISR,0.00005972,0.01255887
2012,39,SAU,0.00002234,0.01247351
2012,39,JOR,0.00001065,0.00702997
2012,39,CHN,0.00000999,0.00361541
2012,39,QAT,0.00000655,0.00380448
2012,39,Other,0.00003202,0.01244183
2012,40,ISR,0.00007543,0.03190820
2012,40,EGY,0.00000380,0.00130660
2012,40,NLD,0.00000195,0.00022601
2012,40,TUR,0.00000168,0.00044223
2012,40,DEU,0.00000164,0.00035038
2012,40,Other,0.00000762,0.00118498
2012,41,ISR,0.00000756,0.00043440
2012,41,TUR,0.00000014,0.00000479
2012,41,EGY,0.00000004,0.00000143
2012,41,ITA,0.00000004,0.00000057
2012,41,CHN,0.00000003,0.00000124
2012,41,Other,0.00000002,0.00000309
2012,42,CHN,0.00000236,0.00012298
2012,42,ISR,0.00000189,0.00006772
2012,42,TUR,0.00000050,0.00002280
2012,42,JOR,0.00000009,0.00000417
2012,42,ITA,0.00000003,0.00000150
2012,42,Other,0.00000010,0.00000551
2012,43,CHN,0.00000001,0.00000009
2012,43,EGY,0.00000000,0.00000003
2012,44,ISR,0.00009246,0.11395680
2012,44,CHN,0.00000644,0.00620549
2012,44,EGY,0.00000144,0.00229031
2012,44,PRT,0.00000123,0.00175282
2012,44,DEU,0.00000113,0.00114558
2012,44,Other,0.00000350,0.00344362
2012,45,ISR,0.00000015,0.00001787
2012,45,SWE,0.00000002,0.00000361
2012,45,TUR,0.00000001,0.00000124
2012,45,JOR,0.00000001,0.00000706
2012,45,DEU,0.00000000,0.00000010
2012,45,Other,0.00000000,0.00000000
2012,46,JOR,0.00000016,0.00002524
2012,46,CHN,0.00000005,0.00000657
2012,46,ISR,0.00000002,0.00000303
2012,46,EGY,0.00000001,0.00000231
2012,46,VNM,0.00000001,0.00000094
2012,46,Other,0.00000001,0.00000098
2012,47,USA,0.00000074,0.00064362
2012,47,URY,0.00000066,0.00043193
2012,47,PRY,0.00000013,0.00004018
2012,47,TUR,0.00000009,0.00010204
2012,47,CHE,0.00000008,0.00005016
2012,47,Other,0.00000012,0.00011813
2012,48,ISR,0.00006290,0.04639276
2012,48,JOR,0.00000474,0.00211753
2012,48,CHN,0.00000303,0.00134921
2012,48,DEU,0.00000218,0.00189669
2012,48,TUR,0.00000159,0.00054576
2012,48,Other,0.00000798,0.00627985
2012,49,ISR,0.00000568,0.00050194
2012,49,GBR,0.00000057,0.00005755
2012,49,EGY,0.00000044,0.00004659
2012,49,CHN,0.00000041,0.00004205
2012,49,USA,0.00000030,0.00003442
2012,49,Other,0.00000154,0.00018186
2012,50,ISR,0.00000047,0.00000023
2012,50,AUS,0.00000007,0.00000000
2012,50,NZL,0.00000004,0.00000000
2012,50,CHN,0.00000001,0.00000000
2012,51,CHN,0.00000001,0.00000020
2012,52,ISR,0.00000145,0.00010124
2012,52,TUR,0.00000049,0.00009113
2012,52,IND,0.00000042,0.00008971
2012,52,CHN,0.00000031,0.00002955
2012,52,EGY,0.00000009,0.00000730
2012,52,Other,0.00000002,0.00000915
2012,53,EGY,0.00000001,0.00000000
2012,53,CHN,0.00000001,0.00000000
2012,53,TZA,0.00000001,0.00000000
2012,54,ISR,0.00000500,0.00053222
2012,54,CHN,0.00000218,0.00020305
2012,54,TUR,0.00000069,0.00005539
2012,54,EGY,0.00000037,0.00000390
2012,54,IND,0.00000010,0.00001947
2012,54,Other,0.00000059,0.00005677
2012,55,CHN,0.00000157,0.00035597
2012,55,ISR,0.00000103,0.00009817
2012,55,THA,0.00000090,0.00045295
2012,55,KOR,0.00000036,0.00016049
2012,55,IND,0.00000030,0.00007331
2012,55,Other,0.00000064,0.00016488
2012,56,ITA,0.00000187,0.00040108
2012,56,TUR,0.00000049,0.00010037
2012,56,DEU,0.00000043,0.00012459
2012,56,CHN,0.00000038,0.00005275
2012,56,FRA,0.00000021,0.00005393
2012,56,Other,0.00000053,0.00009344
2012,57,TUR,0.00000473,0.00091377
2012,57,ISR,0.00000066,0.00001498
2012,57,NLD,0.00000066,0.00015343
2012,57,BEL,0.00000062,0.00009807
2012,57,JOR,0.00000054,0.00046949
2012,57,Other,0.00000065,0.00009880
2012,58,ISR,0.00000237,0.00002790
2012,58,CHN,0.00000076,0.00002301
2012,58,TUR,0.00000069,0.00003604
2012,58,EGY,0.00000010,0.00000540
2012,58,VNM,0.00000007,0.00000413
2012,58,Other,0.00000017,0.00001200
2012,59,ISR,0.00000118,0.00007814
2012,59,CHN,0.00000082,0.00009018
2012,59,TUR,0.00000033,0.00003847
2012,59,DEU,0.00000015,0.00001383
2012,59,FRA,0.00000007,0.00000408
2012,59,Other,0.00000011,0.00000996
2012,60,ISR,0.00000232,0.00050244
2012,60,TUR,0.00000160,0.00011070
2012,60,CHN,0.00000103,0.00008296
2012,60,SAU,0.00000017,0.00001403
2012,60,KOR,0.00000006,0.00000580
2012,60,Other,0.00000013,0.00002476
2012,61,CHN,0.00001118,0.00041473
2012,61,TUR,0.00000473,0.00011218
2012,61,JOR,0.00000213,0.00009296
2012,61,ISR,0.00000203,0.00006316
2012,61,ITA,0.00000027,0.00000583
2012,61,Other,0.00000050,0.00001443
2012,62,CHN,0.00001182,0.00030092
2012,62,TUR,0.00000730,0.00012949
2012,62,ISR,0.00000635,0.00015744
2012,62,JOR,0.00000120,0.00012546
2012,62,ITA,0.00000024,0.00000480
2012,62,Other,0.00000105,0.00002359
2012,63,CHN,0.00000512,0.00071508
2012,63,ISR,0.00000303,0.00065490
2012,63,TUR,0.00000055,0.00007253
2012,63,IND,0.00000023,0.00007115
2012,63,JOR,0.00000016,0.00004492
2012,63,Other,0.00000039,0.00004859
2012,64,ISR,0.00000793,0.00042543
2012,64,CHN,0.00000559,0.00020333
2012,64,TUR,0.00000060,0.00003210
2012,64,ITA,0.00000007,0.00000631
2012,64,JOR,0.00000005,0.00000587
2012,64,Other,0.00000020,0.00000778
2012,65,CHN,0.00000016,0.00000113
2012,65,ISR,0.00000009,0.00000280
2012,65,ESP,0.00000001,0.00000000
2012,65,ITA,0.00000001,0.00000000
2012,65,TUR,0.00000001,0.00000000
2012,65,Other,0.00000001,0.00000016
2012,66,CHN,0.00000013,0.00001973
2012,66,ISR,0.00000007,0.00001256
2012,66,EGY,0.00000004,0.00000654
2012,66,HKG,0.00000000,0.00000083
2012,66,ITA,0.00000000,0.00000007
2012,66,Other,0.00000000,0.00000009
2012,67,CHN,0.00000024,0.00002314
2012,67,ISR,0.00000002,0.00000322
2012,67,TUR,0.00000000,0.00000034
2012,67,ARE,0.00000000,0.00000000
2012,67,MAR,0.00000000,0.00000015
2012,67,Other,0.00000000,0.00000008
2012,68,ISR,0.00007482,0.08817852
2012,68,IND,0.00000413,0.00474712
2012,68,CHN,0.00000305,0.00217680
2012,68,OMN,0.00000089,0.00309213
2012,68,TUR,0.00000082,0.00090225
2012,68,Other,0.00000356,0.00477461
2012,69,ISR,0.00001280,0.01434080
2012,69,CHN,0.00000768,0.00841602
2012,69,ESP,0.00000713,0.00626295
2012,69,TUR,0.00000244,0.00526958
2012,69,FRA,0.00000147,0.00279760
2012,69,Other,0.00000355,0.00417009
2012,70,ISR,0.00001442,0.01467861
2012,70,TUR,0.00000373,0.00312479
2012,70,CHN,0.00000353,0.00166166
2012,70,SAU,0.00000116,0.00355181
2012,70,EGY,0.00000107,0.00056340
2012,70,Other,0.00000172,0.00089216
2012,71,ISR,0.00001542,0.01050912
2012,71,EGY,0.00000255,0.00205363
2012,71,CHN,0.00000075,0.00001215
2012,71,TUR,0.00000063,0.00041934
2012,71,CAN,0.00000062,0.00063349
2012,71,Other,0.00000104,0.00060641
2012,72,ISR,0.00004363,0.04243457
2012,72,TUR,0.00002095,0.01995841
2012,72,UKR,0.00000532,0.00500034
2012,72,ESP,0.00000465,0.00386203
2012,72,AUS,0.00000412,0.00510183
2012,72,Other,0.00000715,0.00643558
2012,73,ISR,0.00003550,0.01026171
2012,73,CHN,0.00000610,0.00143614
2012,73,EGY,0.00000234,0.00065987
2012,73,TUR,0.00000209,0.00057854
2012,73,ITA,0.00000095,0.00023526
2012,73,Other,0.00000348,0.00110863
2012,74,ISR,0.00000229,0.00014160
2012,74,CHN,0.00000079,0.00005148
2012,74,ITA,0.00000019,0.00001015
2012,74,DEU,0.00000013,0.00000884
2012,74,TUR,0.00000012,0.00001234
2012,74,Other,0.00000011,0.00001118
2012,75,ISR,0.00000163,0.00001619
2012,75,EGY,0.00000045,0.00000349
2012,75,JOR,0.00000002,0.00000072
2012,75,DEU,0.00000001,0.00000019
2012,75,CHN,0.00000000,0.00000002
2012,76,ISR,0.00001138,0.00226498
2012,76,JOR,0.00000908,0.00235455
2012,76,CHN,0.00000725,0.00126660
2012,76,AUS,0.00000495,0.00180704
2012,76,RUS,0.00000303,0.00110715
2012,76,Other,0.00000669,0.00171480
2012,78,ISR,0.00000007,0.00001284
2012,78,USA,0.00000000,0.00000000
2012,79,CHN,0.00000012,0.00002465
2012,79,ISR,0.00000003,0.00000949
2012,79,DEU,0.00000000,0.00000012
2012,79,FRA,0.00000000,0.00000019
2012,79,IND,0.00000000,0.00000001
2012,80,ISR,0.00006650,0.04570090
2012,80,VNM,0.00000139,0.00017960
2012,80,IND,0.00000088,0.00015378
2012,80,TUR,0.00000079,0.00009887
2012,80,CHN,0.00000063,0.00005990
2012,80,Other,0.00000203,0.00073744
2012,81,ISR,0.00000381,0.00157922
2012,81,THA,0.00000009,0.00001506
2012,81,TUR,0.00000008,0.00002717
2012,81,IND,0.00000008,0.00002634
2012,81,UZB,0.00000006,0.00002673
2012,81,Other,0.00000011,0.00003836
2012,82,ISR,0.00001027,0.00165457
2012,82,CHN,0.00000216,0.00012393
2012,82,DEU,0.00000072,0.00002657
2012,82,ITA,0.00000062,0.00001988
2012,82,POL,0.00000030,0.00001259
2012,82,Other,0.00000154,0.00006081
2012,83,ISR,0.00000198,0.00016217
2012,83,CHN,0.00000195,0.00018691
2012,83,TUR,0.00000078,0.00007820
2012,83,ITA,0.00000066,0.00008843
2012,83,DEU,0.00000020,0.00002680
2012,83,Other,0.00000088,0.00012313
2012,84,ISR,0.00010613,0.01055587
2012,84,DEU,0.00002486,0.00082020
2012,84,CHN,0.00002230,0.00177185
2012,84,ITA,0.00001176,0.00074496
2012,84,KOR,0.00000610,0.00079151
2012,84,Other,0.00004535,0.00256725
2012,85,ISR,0.00011052,0.00448798
2012,85,JOR,0.00002949,0.00012215
2012,85,TUR,0.00000899,0.00090512
2012,85,CHN,0.00000768,0.00075207
2012,85,ITA,0.00000557,0.00007892
2012,85,Other,0.00002517,0.00076212
2012,86,ISR,0.00000019,0.00000000
2012,86,TUR,0.00000002,0.00000000
2012,87,ISR,0.00005173,0.00644919
2012,87,KOR,0.00004929,0.00522157
2012,87,DEU,0.00002737,0.00239716
2012,87,ESP,0.00000833,0.00075553
2012,87,GBR,0.00000815,0.00074122
2012,87,Other,0.00004661,0.00451973
2012,90,ISR,0.00002671,0.00023352
2012,90,DEU,0.00001058,0.00011119
2012,90,COL,0.00000392,0.00081214
2012,90,BRA,0.00000338,0.00067648
2012,90,LKA,0.00000319,0.00073617
2012,90,Other,0.00003186,0.00287197
2012,91,ISR,0.00000295,0.00057025
2012,91,CHN,0.00000104,0.00002441
2012,91,TUR,0.00000034,0.00007105
2012,91,IND,0.00000022,0.00002398
2012,91,GTM,0.00000012,0.00001175
2012,91,Other,0.00000041,0.00003349
2012,92,ISR,0.00000045,0.00001403
2012,92,CHN,0.00000005,0.00000151
2012,92,EGY,0.00000003,0.00000185
2012,92,TUR,0.00000002,0.00000115
2012,92,GBR,0.00000002,0.00000000
2012,92,Other,0.00000003,0.00000076
2012,94,ISR,0.00001200,0.00289725
2012,94,CHN,0.00000633,0.00101486
2012,94,JOR,0.00000237,0.00119857
2012,94,ITA,0.00000122,0.00026510
2012,94,TUR,0.00000119,0.00013248
2012,94,Other,0.00000382,0.00053345
2012,95,ISR,0.00000500,0.00034206
2012,95,CHN,0.00000100,0.00013718
2012,95,TUR,0.00000016,0.00003062
2012,95,HKG,0.00000014,0.00000681
2012,95,S19,0.00000009,0.00000978
2012,95,Other,0.00000032,0.00004976
2012,96,TUR,0.00000722,0.00035027
2012,96,CHN,0.00000285,0.00025729
2012,96,ISR,0.00000195,0.00008870
2012,96,FRA,0.00000162,0.00008282
2012,96,HUN,0.00000125,0.00006000
2012,96,Other,0.00000473,0.00035059
2012,97,CHN,0.00000001,0.00000000
2012,97,ISR,0.00000001,0.00000000
2012,97,JOR,0.00000000,0.00000007
2013,10,ISR,0.00024844,0.19431061
2013,10,USA,0.00000802,0.00863944
2013,10,THA,0.00000377,0.00405519
2013,10,IND,0.00000282,0.00302727
2013,10,AUS,0.00000050,0.00053315
2013,10,Other,0.00000144,0.00161490
2013,11,ISR,0.00004920,0.07823536
2013,11,TUR,0.00001806,0.03839209
2013,11,UKR,0.00000400,0.01210853
2013,11,DEU,0.00000114,0.00098368
2013,11,GBR,0.00000107,0.00193048
2013,11,Other,0.00000271,0.00445971
2013,12,ISR,0.00001251,0.01026182
2013,12,ETH,0.00000261,0.00143275
2013,12,NGA,0.00000140,0.00076746
2013,12,EGY,0.00000125,0.00079206
2013,12,CHN,0.00000071,0.00030672
2013,12,Other,0.00000520,0.00238657
2013,13,IND,0.00000006,0.00000000
2013,13,ISR,0.00000003,0.00000861
2013,13,ESP,0.00000003,0.00000135
2013,13,DNK,0.00000002,0.00000207
2013,13,JPN,0.00000001,0.00000000
2013,13,Other,0.00000001,0.00000000
2013,14,EGY,0.00000005,0.00003090
2013,14,ISR,0.00000004,0.00003926
2013,14,TUR,0.00000002,0.00002193
2013,14,CHN,0.00000000,0.00001100
2013,14,GBR,0.00000000,0.00000138
2013,15,TUR,0.00000686,0.00500221
2013,15,EGY,0.00000638,0.01478098
2013,15,ISR,0.00000586,0.00342498
2013,15,MYS,0.00000366,0.00236561
2013,15,UKR,0.00000358,0.00302770
2013,15,Other,0.00001076,0.00715358
2013,16,ISR,0.00000671,0.00141940
2013,16,BRA,0.00000204,0.00051108
2013,16,THA,0.00000167,0.00026399
2013,16,PRT,0.00000073,0.00022715
2013,16,FRA,0.00000050,0.00009792
2013,16,Other,0.00000095,0.00022945
2013,17,ISR,0.00004010,0.05669559
2013,17,DEU,0.00000411,0.00569465
2013,17,POL,0.00000380,0.00500230
2013,17,GTM,0.00000370,0.00478286
2013,17,CZE,0.00000210,0.00276669
2013,17,Other,0.00001788,0.01828009
2013,18,ISR,0.00001758,0.00329704
2013,18,TUR,0.00000613,0.00203758
2013,18,NLD,0.00000488,0.00083298
2013,18,ARE,0.00000432,0.00067905
2013,18,JOR,0.00000161,0.00030213
2013,18,Other,0.00000586,0.00103380
2013,19,TUR,0.00001976,0.00851760
2013,19,ISR,0.00001086,0.00329021
2013,19,IRL,0.00000664,0.00096167
2013,19,JOR,0.00000396,0.00212927
2013,19,SAU,0.00000325,0.00107927
2013,19,Other,0.00001999,0.00641799
2013,20,ISR,0.00004489,0.02042093
2013,20,BRA,0.00002347,0.00701389
2013,20,EGY,0.00000697,0.00413944
2013,20,JOR,0.00000285,0.00287414
2013,20,PRY,0.00000249,0.00070487
2013,20,Other,0.00001565,0.00626645
2013,21,ISR,0.00001735,0.00361892
2013,21,FRA,0.00000806,0.00000000
2013,21,JOR,0.00000654,0.00169960
2013,21,EGY,0.00000392,0.00086338
2013,21,POL,0.00000192,0.00000201
2013,21,Other,0.00001078,0.00165472
2013,22,ISR,0.00009797,0.14392366
2013,22,JOR,0.00000795,0.01075429
2013,22,SAU,0.00000607,0.00430835
2013,22,TUR,0.00000261,0.00406693
2013,22,POL,0.00000256,0.00351115
2013,22,Other,0.00000348,0.00323804
2013,23,ISR,0.00010835,0.11699463
2013,23,ESP,0.00000006,0.00019188
2013,23,TUR,0.00000003,0.00003019
2013,23,NLD,0.00000003,0.00001858
2013,23,NZL,0.00000001,0.00000797
2013,24,ISR,0.00005800,0.00343084
2013,24,TUR,0.00000491,0.00039142
2013,24,CHE,0.00000384,0.00023031
2013,24,EGY,0.00000155,0.00011907
2013,24,FRA,0.00000092,0.00005403
2013,24,Other,0.00000311,0.00052341
2013,25,ISR,0.00014777,1.25448044
2013,25,JOR,0.00000730,0.11310347
2013,25,EGY,0.00000421,1.28022546
2013,25,ITA,0.00000016,0.00072504
2013,25,TUR,0.00000014,0.00124717
2013,25,Other,0.00000025,0.00051370
2013,26,ISR,0.00000251,0.02065634
2013,26,AUS,0.00000007,0.00000000
2013,26,DEU,0.00000005,0.00000000
2013,27,ISR,0.00157603,0.90483244
2013,27,EGY,0.00001827,0.00186418
2013,27,JOR,0.00000714,0.00020583
2013,27,TUR,0.00000199,0.00092480
2013,27,ARE,0.00000108,0.00058499
2013,27,Other,0.00000278,0.00198434
2013,28,ISR,0.00001255,0.00455492
2013,28,EGY,0.00000339,0.02116914
2013,28,JOR,0.00000151,0.00299379
2013,28,CHN,0.00000083,0.00062858
2013,28,TUR,0.00000079,0.00178994
2013,28,Other,0.00000143,0.00188562
2013,29,ISR,0.00000606,0.00077525
2013,29,DEU,0.00000388,0.00155207
2013,29,CHN,0.00000334,0.00052073
2013,29,IND,0.00000313,0.00003236
2013,29,HUN,0.00000092,0.00009546
2013,29,Other,0.00000365,0.00066878
2013,30,ISR,0.00005502,0.00165506
2013,30,CHE,0.00002290,0.00004398
2013,30,SWE,0.00001015,0.00000015
2013,30,DEU,0.00000655,0.00147130
2013,30,ARG,0.00000375,0.00198851
2013,30,Other,0.00002678,0.00085891
2013,31,ISR,0.00000623,0.00134078
2013,31,JOR,0.00000095,0.00108424
2013,31,NLD,0.00000040,0.00133680
2013,31,CHN,0.00000038,0.00119207
2013,31,ESP,0.00000022,0.00010888
2013,31,Other,0.00000054,0.00044562
2013,32,ISR,0.00002195,0.00252350
2013,32,JOR,0.00001027,0.00554303
2013,32,ITA,0.00000326,0.00074085
2013,32,EGY,0.00000146,0.01120186
2013,32,CHN,0.00000123,0.00025103
2013,32,Other,0.00000374,0.00073139
2013,33,ISR,0.00002693,0.00234749
2013,33,FRA,0.00000912,0.00136210
2013,33,ARE,0.00000221,0.00027213
2013,33,DEU,0.00000186,0.00011823
2013,33,EGY,0.00000159,0.00041189
2013,33,Other,0.00000664,0.00067166
2013,34,ISR,0.00002899,0.01034297
2013,34,TUR,0.00001929,0.01042437
2013,34,GBR,0.00000184,0.00097369
2013,34,JOR,0.00000143,0.00130620
2013,34,EGY,0.00000127,0.00117828
2013,34,Other,0.00000327,0.00124652
2013,35,ISR,0.00000496,0.00109740
2013,35,JOR,0.00000084,0.00027067
2013,35,CHN,0.00000079,0.00020554
2013,35,ITA,0.00000065,0.00012085
2013,35,FRA,0.00000038,0.00009124
2013,35,Other,0.00000101,0.00025507
2013,36,ISR,0.00000059,0.00002033
2013,36,TUR,0.00000001,0.00000198
2013,37,ISR,0.00000130,0.00007271
2013,37,BEL,0.00000025,0.00001387
2013,37,DEU,0.00000022,0.00002952
2013,37,USA,0.00000015,0.00000535
2013,37,BRA,0.00000011,0.00000701
2013,37,Other,0.00000017,0.00001173
2013,38,ISR,0.00001225,0.00136275
2013,38,JOR,0.00000439,0.07439760
2013,38,DEU,0.00000162,0.00018244
2013,38,FRA,0.00000092,0.00005451
2013,38,BEL,0.00000075,0.00013744
2013,38,Other,0.00000593,0.00221992
2013,39,ISR,0.00007038,0.01527333
2013,39,SAU,0.00002058,0.01042850
2013,39,QAT,0.00001141,0.00696543
2013,39,JOR,0.00000964,0.00503554
2013,39,CHN,0.00000830,0.00152887
2013,39,Other,0.00003302,0.01296456
2013,40,ISR,0.00008593,0.03798493
2013,40,EGY,0.00000573,0.00275841
2013,40,ESP,0.00000294,0.00041538
2013,40,NLD,0.00000283,0.00054227
2013,40,CHN,0.00000232,0.00043296
2013,40,Other,0.00000926,0.00228782
2013,41,ISR,0.00000927,0.00045945
2013,41,TUR,0.00000017,0.00000652
2013,41,EGY,0.00000012,0.00001106
2013,41,JOR,0.00000010,0.00004533
2013,41,ITA,0.00000004,0.00000168
2013,41,Other,0.00000004,0.00000137
2013,42,CHN,0.00000341,0.00020270
2013,42,ISR,0.00000216,0.00004350
2013,42,TUR,0.00000048,0.00001728
2013,42,JOR,0.00000009,0.00000199
2013,42,ESP,0.00000008,0.00000002
2013,42,Other,0.00000017,0.00000682
2013,43,IND,0.00000001,0.00000000
2013,43,JOR,0.00000001,0.00000005
2013,43,CHN,0.00000001,0.00000001
2013,43,TUR,0.00000000,0.00000000
2013,44,ISR,0.00009384,0.10172334
2013,44,CHN,0.00000837,0.00709704
2013,44,PRT,0.00000164,0.00229533
2013,44,EGY,0.00000163,0.00311276
2013,44,DEU,0.00000157,0.00188809
2013,44,Other,0.00000414,0.00441065
2013,45,ISR,0.00000030,0.00003413
2013,45,DEU,0.00000000,0.00000007
2013,45,CHN,0.00000000,0.00000002
2013,46,JOR,0.00000030,0.00009470
2013,46,CHN,0.00000005,0.00000605
2013,46,ISR,0.00000004,0.00001438
2013,46,EGY,0.00000003,0.00000864
2013,46,USA,0.00000000,0.00000001
2013,47,USA,0.00000093,0.00095950
2013,47,URY,0.00000015,0.00005968
2013,47,DEU,0.00000005,0.00002112
2013,47,SAU,0.00000002,0.00002437
2013,47,ARE,0.00000002,0.00001616
2013,48,ISR,0.00007319,0.01946054
2013,48,JOR,0.00000481,0.00208878
2013,48,TUR,0.00000413,0.00107747
2013,48,EGY,0.00000331,0.00252587
2013,48,DEU,0.00000241,0.00177236
2013,48,Other,0.00001062,0.00585193
2013,49,ISR,0.00000526,0.00049631
2013,49,GBR,0.00000071,0.00006723
2013,49,JOR,0.00000032,0.00006162
2013,49,EGY,0.00000031,0.00012822
2013,49,CHN,0.00000029,0.00001891
2013,49,Other,0.00000060,0.00003422
2013,50,ISR,0.00000073,0.00000021
2013,50,MEX,0.00000001,0.00000000
2013,50,HKG,0.00000000,0.00000000
2013,50,PRY,0.00000000,0.00000302
2013,50,CHN,0.00000000,0.00000001
2013,51,CHN,0.00000001,0.00000029
2013,52,ISR,0.00000110,0.00017764
2013,52,TUR,0.00000076,0.00017610
2013,52,CHN,0.00000039,0.00003574
2013,52,IND,0.00000034,0.00010417
2013,52,BGR,0.00000012,0.00000840
2013,52,Other,0.00000030,0.00005081
2013,53,TZA,0.00000003,0.00001651
2013,53,EGY,0.00000002,0.00001116
2013,53,KEN,0.00000001,0.00000435
2013,53,CHN,0.00000000,0.00000050
2013,54,ISR,0.00000567,0.00055390
2013,54,CHN,0.00000284,0.00022567
2013,54,TUR,0.00000068,0.00005903
2013,54,EGY,0.00000033,0.00008532
2013,54,GBR,0.00000016,0.00001950
2013,54,Other,0.00000058,0.00007292
2013,55,CHN,0.00000219,0.00043899
2013,55,THA,0.00000219,0.00121441
2013,55,KOR,0.00000063,0.00033029
2013,55,ISR,0.00000047,0.00004537
2013,55,TUR,0.00000041,0.00003601
2013,55,Other,0.00000072,0.00026601
2013,56,ITA,0.00000163,0.00033519
2013,56,CHN,0.00000083,0.00014123
2013,56,TUR,0.00000051,0.00010722
2013,56,FRA,0.00000029,0.00008104
2013,56,JOR,0.00000015,0.00004960
2013,56,Other,0.00000035,0.00006299
2013,57,TUR,0.00000773,0.00148601
2013,57,BEL,0.00000078,0.00016268
2013,57,NLD,0.00000052,0.00011423
2013,57,JOR,0.00000046,0.00031223
2013,57,ISR,0.00000042,0.00000546
2013,57,Other,0.00000097,0.00009754
2013,58,ISR,0.00000220,0.00001564
2013,58,CHN,0.00000103,0.00003889
2013,58,TUR,0.00000050,0.00001568
2013,58,EGY,0.00000042,0.00006714
2013,58,ITA,0.00000010,0.00000751
2013,58,Other,0.00000021,0.00001075
2013,59,ISR,0.00000238,0.00016823
2013,59,CHN,0.00000122,0.00016582
2013,59,TUR,0.00000049,0.00004488
2013,59,EGY,0.00000018,0.00004396
2013,59,ITA,0.00000015,0.00001275
2013,59,Other,0.00000036,0.00003831
2013,60,ISR,0.00000271,0.00063851
2013,60,TUR,0.00000165,0.00014935
2013,60,CHN,0.00000128,0.00012606
2013,60,JOR,0.00000010,0.00006386
2013,60,SAU,0.00000009,0.00000787
2013,60,Other,0.00000016,0.00001573
2013,61,CHN,0.00000854,0.00037951
2013,61,TUR,0.00000423,0.00010634
2013,61,JOR,0.00000233,0.00009698
2013,61,ISR,0.00000198,0.00006146
2013,61,ITA,0.00000015,0.00000299
2013,61,Other,0.00000074,0.00002146
2013,62,CHN,0.00001479,0.00038852
2013,62,TUR,0.00001086,0.00017528
2013,62,ISR,0.00000632,0.00018028
2013,62,JOR,0.00000070,0.00004011
2013,62,USA,0.00000025,0.00000459
2013,62,Other,0.00000103,0.00002533
2013,63,CHN,0.00000543,0.00076976
2013,63,ISR,0.00000486,0.00095906
2013,63,IND,0.00000050,0.00015082
2013,63,TUR,0.00000045,0.00004845
2013,63,EGY,0.00000010,0.00001615
2013,63,Other,0.00000037,0.00005312
2013,64,ISR,0.00000950,0.00048363
2013,64,CHN,0.00000689,0.00023388
2013,64,TUR,0.00000095,0.00004549
2013,64,ITA,0.00000011,0.00000660
2013,64,USA,0.00000008,0.00000328
2013,64,Other,0.00000026,0.00001384
2013,65,CHN,0.00000024,0.00000866
2013,65,ESP,0.00000010,0.00000000
2013,65,ISR,0.00000005,0.00000034
2013,65,TUR,0.00000001,0.00000001
2013,65,ITA,0.00000000,0.00000000
2013,65,Other,0.00000002,0.00000009
2013,66,CHN,0.00000012,0.00001098
2013,66,ISR,0.00000006,0.00000926
2013,66,ITA,0.00000001,0.00000000
2013,66,FRA,0.00000000,0.00000035
2013,66,IND,0.00000000,0.00000026
2013,66,Other,0.00000000,0.00000032
2013,67,CHN,0.00000026,0.00002514
2013,67,ISR,0.00000004,0.00000645
2013,67,HKG,0.00000001,0.00000082
2013,67,DEU,0.00000000,0.00000003
2013,67,TUR,0.00000000,0.00000030
2013,67,Other,0.00000000,0.00000010
2013,68,ISR,0.00007609,0.08267322
2013,68,CHN,0.00000507,0.00462279
2013,68,IND,0.00000336,0.00371188
2013,68,EGY,0.00000125,0.00735440
2013,68,TUR,0.00000107,0.00111841
2013,68,Other,0.00000368,0.00590171
2013,69,ISR,0.00001561,0.01859306
2013,69,CHN,0.00001215,0.01470408
2013,69,ESP,0.00000759,0.00547802
2013,69,TUR,0.00000422,0.00892125
2013,69,ITA,0.00000103,0.00247238
2013,69,Other,0.00000309,0.00430843
2013,70,ISR,0.00004628,0.04251698
2013,70,TUR,0.00000367,0.00305045
2013,70,CHN,0.00000365,0.00113001
2013,70,SAU,0.00000159,0.00470447
2013,70,EGY,0.00000125,0.00165874
2013,70,Other,0.00000293,0.00186398
2013,71,ISR,0.00001725,0.01194897
2013,71,EGY,0.00000229,0.12395173
2013,71,CAN,0.00000108,0.00118904
2013,71,TUR,0.00000087,0.00117927
2013,71,CHN,0.00000083,0.00006152
2013,71,Other,0.00000169,0.00160954
2013,72,TUR,0.00007558,0.10376344
2013,72,ISR,0.00004601,0.05013182
2013,72,UKR,0.00000841,0.01048853
2013,72,CHN,0.00000395,0.00333619
2013,72,EGY,0.00000233,0.00401189
2013,72,Other,0.00000702,0.00697514
2013,73,ISR,0.00002903,0.00988803
2013,73,CHN,0.00000708,0.00151062
2013,73,TUR,0.00000335,0.00206801
2013,73,EGY,0.00000263,0.00262527
2013,73,ITA,0.00000118,0.00028699
2013,73,Other,0.00000276,0.00095153
2013,74,ISR,0.00000269,0.00021027
2013,74,CHN,0.00000115,0.00007565
2013,74,DEU,0.00000026,0.00002117
2013,74,EGY,0.00000023,0.00003067
2013,74,TUR,0.00000016,0.00001926
2013,74,Other,0.00000051,0.00003838
2013,75,ISR,0.00000157,0.00002751
2013,75,EGY,0.00000067,0.00017980
2013,75,CHN,0.00000003,0.00000083
2013,75,TUR,0.00000000,0.00000001
2013,75,DEU,0.00000000,0.00000005
2013,76,JOR,0.00001559,0.00317343
2013,76,ISR,0.00001387,0.00305623
2013,76,CHN,0.00000796,0.00133476
2013,76,BHR,0.00000538,0.00202532
2013,76,RUS,0.00000421,0.00175642
2013,76,Other,0.00000896,0.00182915
2013,78,TUR,0.00000003,0.00000792
2013,78,ISR,0.00000002,0.00000581
2013,78,EGY,0.00000002,0.00001200
2013,79,CHN,0.00000009,0.00000961
2013,79,DEU,0.00000000,0.00000011
2013,79,FRA,0.00000000,0.00000014
2013,79,ITA,0.00000000,0.00000011
2013,79,TUR,0.00000000,0.00000003
2013,80,ISR,0.00008791,0.06587965
2013,80,IND,0.00000142,0.00018270
2013,80,TUR,0.00000113,0.00022648
2013,80,VNM,0.00000106,0.00013628
2013,80,CHN,0.00000090,0.00008035
2013,80,Other,0.00000205,0.00074256
2013,81,ISR,0.00000373,0.00144302
2013,81,THA,0.00000009,0.00001536
2013,81,IND,0.00000008,0.00001659
2013,81,DEU,0.00000004,0.00000058
2013,81,TUR,0.00000003,0.00000662
2013,81,Other,0.00000003,0.00001661
2013,82,ISR,0.00001203,0.00123753
2013,82,CHN,0.00000222,0.00014040
2013,82,DEU,0.00000108,0.00000596
2013,82,ITA,0.00000073,0.00001542
2013,82,POL,0.00000052,0.00002457
2013,82,Other,0.00000205,0.00008605
2013,83,CHN,0.00000291,0.00033902
2013,83,ISR,0.00000236,0.00018722
2013,83,TUR,0.00000094,0.00010682
2013,83,ITA,0.00000091,0.00014925
2013,83,EGY,0.00000023,0.00001721
2013,83,Other,0.00000114,0.00017971
2013,84,ISR,0.00011092,0.01294432
2013,84,CHN,0.00002443,0.00155305
2013,84,DEU,0.00001993,0.00064614
2013,84,ITA,0.00001093,0.00074035
2013,84,TUR,0.00000924,0.00073679
2013,84,Other,0.00005206,0.00311586
2013,85,ISR,0.00012660,0.00505075
2013,85,CHN,0.00002583,0.00064816
2013,85,JOR,0.00001892,0.00014491
2013,85,TUR,0.00000823,0.00078244
2013,85,SWE,0.00000626,0.00005674
2013,85,Other,0.00001754,0.00050356
2013,86,ISR,0.00000028,0.00011370
2013,86,ITA,0.00000000,0.00000000
2013,86,CHN,0.00000000,0.00000000
2013,86,BEL,0.00000000,0.00000000
2013,86,FRA,0.00000000,0.00000000
2013,87,KOR,0.00008473,0.00830873
2013,87,ISR,0.00005646,0.00689787
2013,87,DEU,0.00002469,0.00255080
2013,87,ESP,0.00001265,0.00116529
2013,87,SVK,0.00001011,0.00087519
2013,87,Other,0.00004815,0.00475672
2013,90,ISR,0.00002840,0.00081849
2013,90,DEU,0.00000874,0.00013321
2013,90,BRA,0.00000562,0.00131321
2013,90,COL,0.00000438,0.00103809
2013,90,IND,0.00000329,0.00075612
2013,90,Other,0.00003342,0.00264418
2013,91,ISR,0.00000298,0.00055115
2013,91,CHN,0.00000078,0.00002557
2013,91,IND,0.00000025,0.00007981
2013,91,JOR,0.00000021,0.00000349
2013,91,TUR,0.00000011,0.00002527
2013,91,Other,0.00000025,0.00001586
2013,92,ISR,0.00000043,0.00001168
2013,92,CHN,0.00000012,0.00000443
2013,92,EGY,0.00000003,0.00000185
2013,92,TUR,0.00000001,0.00000039
2013,92,GBR,0.00000001,0.00000010
2013,92,Other,0.00000001,0.00000012
2013,94,CHN,0.00000855,0.00131986
2013,94,ISR,0.00000625,0.00108604
2013,94,ITA,0.00000181,0.00030864
2013,94,JOR,0.00000147,0.00085966
2013,94,TUR,0.00000139,0.00023641
2013,94,Other,0.00000331,0.00054291
2013,95,ISR,0.00000485,0.00020784
2013,95,CHN,0.00000159,0.00017001
2013,95,ESP,0.00000009,0.00001245
2013,95,S19,0.00000009,0.00000285
2013,95,TUR,0.00000007,0.00000682
2013,95,Other,0.00000017,0.00001451
2013,96,ISR,0.00000323,0.00012181
2013,96,CHN,0.00000263,0.00030151
2013,96,TUR,0.00000158,0.00008331
2013,96,IND,0.00000071,0.00003295
2013,96,JOR,0.00000050,0.00008786
2013,96,Other,0.00000175,0.00016810
2013,97,ISR,0.00000000,0.00000000
2013,97,FRA,0.00000000,0.00000000
2013,97,CHN,0.00000000,0.00000000
2014,10,ISR,0.00024589,0.17351620
2014,10,USA,0.00000824,0.00914138
2014,10,IND,0.00000512,0.00573586
2014,10,THA,0.00000429,0.00477869
2014,10,TUR,0.00000115,0.00117583
2014,10,Other,0.00000129,0.00160493
2014,11,ISR,0.00004683,0.07134389
2014,11,TUR,0.00001388,0.03504380
2014,11,UKR,0.00000466,0.01576339
2014,11,DEU,0.00000158,0.00132913
2014,11,EGY,0.00000149,0.00387471
2014,11,Other,0.00000327,0.00517850
2014,12,ISR,0.00002341,0.01515258
2014,12,ETH,0.00000673,0.00293702
2014,12,NGA,0.00000360,0.00156883
2014,12,EGY,0.00000202,0.00184973
2014,12,CHN,0.00000096,0.00054035
2014,12,Other,0.00000490,0.00194285
2014,13,ISR,0.00000011,0.00003043
2014,13,ESP,0.00000006,0.00000249
2014,13,DEU,0.00000003,0.00000079
2014,13,IND,0.00000003,0.00000181
2014,13,DNK,0.00000003,0.00000322
2014,13,Other,0.00000010,0.00000539
2014,14,EGY,0.00000006,0.00003209
2014,14,TUR,0.00000006,0.00000000
2014,14,CHN,0.00000002,0.00002505
2014,14,ISR,0.00000001,0.00001508
2014,14,VNM,0.00000001,0.00000257
2014,14,Other,0.00000001,0.00000000
2014,15,TUR,0.00000837,0.00659934
2014,15,EGY,0.00000761,0.00925595
2014,15,ISR,0.00000705,0.00454479
2014,15,UKR,0.00000498,0.00490304
2014,15,HUN,0.00000388,0.00336879
2014,15,Other,0.00001213,0.00821682
2014,16,ISR,0.00000645,0.00128479
2014,16,BRA,0.00000340,0.00098313
2014,16,FRA,0.00000316,0.00066868
2014,16,THA,0.00000237,0.00022356
2014,16,PRT,0.00000080,0.00021192
2014,16,Other,0.00000268,0.00062305
2014,17,ISR,0.00004098,0.05081973
2014,17,BRA,0.00000463,0.00727754
2014,17,EGY,0.00000387,0.00824671
2014,17,BEL,0.00000318,0.00606913
2014,17,THA,0.00000238,0.00387157
2014,17,Other,0.00002110,0.02234025
2014,18,ISR,0.00001697,0.00297681
2014,18,TUR,0.00000819,0.00223684
2014,18,NLD,0.00000548,0.00129378
2014,18,ARE,0.00000440,0.00069552
2014,18,GBR,0.00000203,0.00021988
2014,18,Other,0.00000575,0.00109810
2014,19,TUR,0.00002667,0.01172944
2014,19,ISR,0.00000986,0.00290455
2014,19,IRL,0.00000720,0.00076150
2014,19,ARE,0.00000549,0.00115122
2014,19,ITA,0.00000445,0.00161898
2014,19,Other,0.00002574,0.00909243
2014,20,ISR,0.00003503,0.01558160
2014,20,BRA,0.00002040,0.00562030
2014,20,EGY,0.00000987,0.01086622
2014,20,JOR,0.00000346,0.00206811
2014,20,PRY,0.00000327,0.00089880
2014,20,Other,0.00001465,0.00616092
2014,21,ISR,0.00001721,0.00338852
2014,21,EGY,0.00000630,0.00186984
2014,21,JOR,0.00000605,0.00160713
2014,21,THA,0.00000230,0.00012167
2014,21,NLD,0.00000135,0.00050599
2014,21,Other,0.00000982,0.00171532
2014,22,ISR,0.00009449,0.14200325
2014,22,JOR,0.00000964,0.01446250
2014,22,SAU,0.00000713,0.00543162
2014,22,POL,0.00000397,0.00472615
2014,22,TUR,0.00000228,0.00279359
2014,22,Other,0.00000510,0.00583068
2014,23,ISR,0.00017802,0.15531814
2014,23,ESP,0.00000010,0.00005831
2014,23,NLD,0.00000007,0.00003656
2014,23,TUR,0.00000006,0.00014506
2014,23,GBR,0.00000003,0.00001758
2014,23,Other,0.00000005,0.00008030
2014,24,ISR,0.00005981,0.00306244
2014,24,TUR,0.00000705,0.00075652
2014,24,CHE,0.00000470,0.00028857
2014,24,DEU,0.00000031,0.00001785
2014,24,EGY,0.00000015,0.00001240
2014,24,Other,0.00000033,0.00001807
2014,25,ISR,0.00016473,1.51780389
2014,25,JOR,0.00001826,0.28999094
2014,25,EGY,0.00000342,0.06098716
2014,25,ITA,0.00000014,0.00086200
2014,25,DEU,0.00000008,0.00026496
2014,25,Other,0.00000030,0.00102126
2014,26,ISR,0.00000087,0.00720718
2014,26,AUS,0.00000005,0.00000000
2014,27,ISR,0.00182942,0.68209182
2014,27,EGY,0.00002670,0.00684179
2014,27,JOR,0.00000550,0.00033472
2014,27,TUR,0.00000232,0.00122146
2014,27,ARE,0.00000190,0.00107858
2014,27,Other,0.00000393,0.00220184
2014,28,ISR,0.00001145,0.00431783
2014,28,EGY,0.00000323,0.02384022
2014,28,JOR,0.00000121,0.00376971
2014,28,CHN,0.00000096,0.00119900
2014,28,TUR,0.00000081,0.00204394
2014,28,Other,0.00000083,0.00111042
2014,29,HUN,0.00000916,0.00332414
2014,29,ISR,0.00000682,0.00052102
2014,29,CHN,0.00000326,0.00029954
2014,29,IND,0.00000259,0.00007877
2014,29,DEU,0.00000064,0.00014707
2014,29,Other,0.00000322,0.00105925
2014,30,ISR,0.00006142,0.00162279
2014,30,CHE,0.00001909,0.00004397
2014,30,DEU,0.00000562,0.00142317
2014,30,ARG,0.00000393,0.00196533
2014,30,BEL,0.00000348,0.00000027
2014,30,Other,0.00002436,0.00130409
2014,31,ISR,0.00000429,0.00745620
2014,31,JOR,0.00000109,0.00166083
2014,31,CHN,0.00000059,0.00184791
2014,31,ESP,0.00000023,0.00010229
2014,31,NLD,0.00000015,0.00056998
2014,31,Other,0.00000073,0.00092725
2014,32,ISR,0.00002250,0.00240433
2014,32,JOR,0.00001080,0.00525439
2014,32,ITA,0.00000334,0.00072429
2014,32,EGY,0.00000266,0.00372971
2014,32,CHN,0.00000206,0.00046958
2014,32,Other,0.00000434,0.00078998
2014,33,ISR,0.00002849,0.00202967
2014,33,FRA,0.00000602,0.00038491
2014,33,EGY,0.00000398,0.00110913
2014,33,DEU,0.00000236,0.00012798
2014,33,ARE,0.00000213,0.00026531
2014,33,Other,0.00001044,0.00118945
2014,34,ISR,0.00002917,0.01054423
2014,34,TUR,0.00001566,0.00818214
2014,34,GBR,0.00000232,0.00121002
2014,34,JOR,0.00000227,0.00201285
2014,34,EGY,0.00000214,0.00202520
2014,34,Other,0.00000528,0.00197948
2014,35,ISR,0.00000537,0.00113674
2014,35,CHN,0.00000078,0.00026430
2014,35,ITA,0.00000068,0.00017268
2014,35,JOR,0.00000060,0.00015771
2014,35,TUR,0.00000033,0.00008977
2014,35,Other,0.00000107,0.00026478
2014,36,ISR,0.00000053,0.00001937
2014,36,TUR,0.00000002,0.00000395
2014,37,ISR,0.00000088,0.00003005
2014,37,BEL,0.00000036,0.00003528
2014,37,DEU,0.00000028,0.00001190
2014,37,CHE,0.00000010,0.00000336
2014,37,USA,0.00000006,0.00000204
2014,37,Other,0.00000014,0.00000573
2014,38,JOR,0.00001692,0.22038125
2014,38,ISR,0.00001266,0.00165132
2014,38,DEU,0.00000128,0.00014907
2014,38,ITA,0.00000106,0.00029939
2014,38,ARE,0.00000101,0.00031663
2014,38,Other,0.00000861,0.00328413
2014,39,ISR,0.00007610,0.01736435
2014,39,SAU,0.00004115,0.02375939
2014,39,QAT,0.00001247,0.00724886
2014,39,CHN,0.00001190,0.00279311
2014,39,JOR,0.00001038,0.00641038
2014,39,Other,0.00004586,0.02001811
2014,40,ISR,0.00008823,0.03509979
2014,40,EGY,0.00001126,0.00688078
2014,40,ESP,0.00000358,0.00055764
2014,40,NLD,0.00000298,0.00053237
2014,40,FRA,0.00000269,0.00059728
2014,40,Other,0.00001015,0.00262568
2014,41,ISR,0.00000844,0.00041690
2014,41,EGY,0.00000008,0.00000535
2014,41,TUR,0.00000008,0.00000341
2014,41,ITA,0.00000007,0.00000440
2014,41,BRA,0.00000005,0.00000000
2014,41,Other,0.00000010,0.00000359
2014,42,CHN,0.00000347,0.00015488
2014,42,ISR,0.00000266,0.00005711
2014,42,TUR,0.00000035,0.00001407
2014,42,JOR,0.00000012,0.00000186
2014,42,IND,0.00000006,0.00000195
2014,42,Other,0.00000025,0.00006980
2014,43,CHN,0.00000000,0.00000000
2014,44,ISR,0.00008979,0.09296909
2014,44,CHN,0.00000825,0.00574520
2014,44,PRT,0.00000145,0.00194805
2014,44,EGY,0.00000144,0.00250345
2014,44,DEU,0.00000080,0.00036316
2014,44,Other,0.00000508,0.00514243
2014,45,ISR,0.00000085,0.00009874
2014,45,DEU,0.00000000,0.00000009
2014,45,CHN,0.00000000,0.00000014
2014,46,JOR,0.00000022,0.00010135
2014,46,EGY,0.00000005,0.00001866
2014,46,CHN,0.00000003,0.00000536
2014,46,ISR,0.00000003,0.00000452
2014,46,IDN,0.00000001,0.00000333
2014,46,Other,0.00000001,0.00000162
2014,47,USA,0.00000102,0.00123482
2014,47,DEU,0.00000003,0.00005070
2014,47,SWE,0.00000002,0.00002781
2014,47,SAU,0.00000001,0.00001650
2014,47,EGY,0.00000000,0.00000100
2014,47,Other,0.00000000,0.00000163
2014,48,ISR,0.00007141,0.01777465
2014,48,POL,0.00000803,0.00166138
2014,48,EGY,0.00000356,0.00333899
2014,48,TUR,0.00000332,0.00087608
2014,48,JOR,0.00000321,0.00149187
2014,48,Other,0.00001378,0.00746271
2014,49,ISR,0.00000484,0.00039971
2014,49,GBR,0.00000051,0.00004448
2014,49,JOR,0.00000048,0.00016240
2014,49,EGY,0.00000035,0.00017356
2014,49,USA,0.00000023,0.00001842
2014,49,Other,0.00000081,0.00005439
2014,50,ISR,0.00000060,0.00060273
2014,50,NZL,0.00000001,0.00000000
2014,50,EGY,0.00000000,0.00000542
2014,50,CHN,0.00000000,0.00000001
2014,50,TUR,0.00000000,0.00000000
2014,51,CHN,0.00000001,0.00000029
2014,51,TUR,0.00000000,0.00000007
2014,51,ISR,0.00000000,0.00000001
2014,51,JOR,0.00000000,0.00000002
2014,51,EGY,0.00000000,0.00000140
2014,52,ISR,0.00000104,0.00020473
2014,52,TUR,0.00000048,0.00010776
2014,52,CHN,0.00000037,0.00002933
2014,52,ESP,0.00000025,0.00001647
2014,52,EGY,0.00000018,0.00010300
2014,52,Other,0.00000029,0.00003720
2014,53,EGY,0.00000006,0.00005541
2014,53,TZA,0.00000001,0.00000605
2014,54,ISR,0.00000507,0.00047001
2014,54,CHN,0.00000290,0.00024801
2014,54,TUR,0.00000078,0.00007294
2014,54,EGY,0.00000027,0.00016344
2014,54,THA,0.00000021,0.00000668
2014,54,Other,0.00000073,0.00010775
2014,55,CHN,0.00000234,0.00030509
2014,55,THA,0.00000102,0.00056586
2014,55,ISR,0.00000054,0.00004813
2014,55,IDN,0.00000052,0.00027724
2014,55,TUR,0.00000045,0.00002782
2014,55,Other,0.00000094,0.00032734
2014,56,ITA,0.00000096,0.00027017
2014,56,CHN,0.00000061,0.00008687
2014,56,TUR,0.00000035,0.00006687
2014,56,LTU,0.00000018,0.00002425
2014,56,JOR,0.00000013,0.00004537
2014,56,Other,0.00000062,0.00024318
2014,57,TUR,0.00000874,0.00164889
2014,57,BEL,0.00000123,0.00026627
2014,57,EGY,0.00000044,0.00030226
2014,57,NLD,0.00000044,0.00008263
2014,57,JOR,0.00000037,0.00031202
2014,57,Other,0.00000079,0.00010547
2014,58,EGY,0.00000374,0.00077498
2014,58,ISR,0.00000253,0.00001131
2014,58,CHN,0.00000099,0.00002470
2014,58,TUR,0.00000082,0.00004067
2014,58,ITA,0.00000018,0.00001086
2014,58,Other,0.00000019,0.00000975
2014,59,ISR,0.00000176,0.00012338
2014,59,EGY,0.00000089,0.00020563
2014,59,CHN,0.00000087,0.00012459
2014,59,TUR,0.00000030,0.00004594
2014,59,ITA,0.00000017,0.00001628
2014,59,Other,0.00000024,0.00002085
2014,60,ISR,0.00000250,0.00057889
2014,60,TUR,0.00000152,0.00011666
2014,60,CHN,0.00000128,0.00008979
2014,60,JOR,0.00000050,0.00003702
2014,60,KOR,0.00000007,0.00000539
2014,60,Other,0.00000008,0.00002159
2014,61,CHN,0.00000898,0.00025261
2014,61,TUR,0.00000680,0.00015966
2014,61,JOR,0.00000254,0.00005536
2014,61,ISR,0.00000230,0.00006559
2014,61,EGY,0.00000017,0.00000454
2014,61,Other,0.00000066,0.00001692
2014,62,TUR,0.00001664,0.00028945
2014,62,CHN,0.00001511,0.00030485
2014,62,ISR,0.00000686,0.00018185
2014,62,JOR,0.00000115,0.00003195
2014,62,EGY,0.00000051,0.00035195
2014,62,Other,0.00000135,0.00002712
2014,63,CHN,0.00000559,0.00059322
2014,63,ISR,0.00000369,0.00057213
2014,63,IND,0.00000128,0.00038795
2014,63,EGY,0.00000121,0.00034619
2014,63,CHE,0.00000092,0.00013077
2014,63,Other,0.00000162,0.00027285
2014,64,ISR,0.00001070,0.00047201
2014,64,CHN,0.00000449,0.00014184
2014,64,TUR,0.00000128,0.00005283
2014,64,EGY,0.00000025,0.00003392
2014,64,ITA,0.00000017,0.00002525
2014,64,Other,0.00000033,0.00000963
2014,65,CHN,0.00000025,0.00000618
2014,65,ISR,0.00000006,0.00000244
2014,65,JOR,0.00000002,0.00000101
2014,65,TUR,0.00000001,0.00000004
2014,65,EGY,0.00000001,0.00000020
2014,65,Other,0.00000001,0.00000011
2014,66,CHN,0.00000009,0.00001401
2014,66,ISR,0.00000009,0.00001610
2014,66,TUR,0.00000000,0.00000034
2014,66,JOR,0.00000000,0.00000014
2014,66,EGY,0.00000000,0.00000003
2014,66,Other,0.00000000,0.00000011
2014,67,CHN,0.00000033,0.00002438
2014,67,ISR,0.00000002,0.00000223
2014,67,TUR,0.00000001,0.00000118
2014,67,DEU,0.00000001,0.00000020
2014,67,USA,0.00000000,0.00000000
2014,67,Other,0.00000000,0.00000000
2014,68,ISR,0.00001038,0.00950253
2014,68,CHN,0.00000553,0.00641165
2014,68,IND,0.00000356,0.00473716
2014,68,EGY,0.00000255,0.00396330
2014,68,TUR,0.00000140,0.00189571
2014,68,Other,0.00000396,0.00718810
2014,69,ESP,0.00003335,0.06737720
2014,69,ISR,0.00001421,0.01820685
2014,69,CHN,0.00001015,0.01229566
2014,69,TUR,0.00000391,0.00695425
2014,69,IND,0.00000113,0.00070047
2014,69,Other,0.00000243,0.00464564
2014,70,ISR,0.00003113,0.03009914
2014,70,CHN,0.00000664,0.00213207
2014,70,TUR,0.00000349,0.00288577
2014,70,EGY,0.00000195,0.00360291
2014,70,SAU,0.00000176,0.00507496
2014,70,Other,0.00000248,0.00154788
2014,71,ISR,0.00001530,0.01076214
2014,71,EGY,0.00000497,0.00505756
2014,71,CAN,0.00000178,0.00207944
2014,71,TUR,0.00000112,0.00083807
2014,71,CHN,0.00000088,0.00005686
2014,71,Other,0.00000205,0.00164295
2014,72,TUR,0.00007194,0.10082967
2014,72,ISR,0.00005112,0.06265343
2014,72,UKR,0.00000806,0.00965530
2014,72,CHN,0.00000638,0.00591512
2014,72,EGY,0.00000226,0.00345700
2014,72,Other,0.00000598,0.00478458
2014,73,ISR,0.00002987,0.00955889
2014,73,CHN,0.00000796,0.00180769
2014,73,TUR,0.00000549,0.00283156
2014,73,EGY,0.00000207,0.00082975
2014,73,ITA,0.00000193,0.00039102
2014,73,Other,0.00000473,0.00125606
2014,74,CHN,0.00000236,0.00011801
2014,74,ISR,0.00000216,0.00013156
2014,74,ITA,0.00000023,0.00001304
2014,74,DEU,0.00000022,0.00002178
2014,74,EGY,0.00000021,0.00002804
2014,74,Other,0.00000038,0.00002892
2014,75,ISR,0.00000131,0.00001592
2014,75,EGY,0.00000006,0.00006555
2014,75,CHN,0.00000000,0.00000010
2014,75,JOR,0.00000000,0.00000050
2014,75,USA,0.00000000,0.00000000
2014,75,Other,0.00000000,0.00000000
2014,76,ISR,0.00001349,0.00302762
2014,76,JOR,0.00001262,0.00218660
2014,76,BHR,0.00000773,0.00331506
2014,76,CHN,0.00000716,0.00102813
2014,76,ARE,0.00000711,0.00215299
2014,76,Other,0.00001415,0.00333590
2014,78,DEU,0.00000007,0.00002366
2014,78,ISR,0.00000006,0.00000542
2014,78,USA,0.00000001,0.00000106
2014,78,ITA,0.00000001,0.00000173
2014,78,TUR,0.00000000,0.00000000
2014,79,CHN,0.00000012,0.00001590
2014,79,ISR,0.00000003,0.00000959
2014,79,EGY,0.00000000,0.00000225
2014,79,CHE,0.00000000,0.00000077
2014,79,DEU,0.00000000,0.00000041
2014,79,Other,0.00000000,0.00000079
2014,80,ISR,0.00006929,0.04956201
2014,80,TUR,0.00000154,0.00013431
2014,80,IND,0.00000149,0.00021091
2014,80,VNM,0.00000131,0.00017934
2014,80,CHN,0.00000078,0.00007425
2014,80,Other,0.00000189,0.00075452
2014,81,ISR,0.00000992,0.00400623
2014,81,THA,0.00000005,0.00000853
2014,81,DEU,0.00000004,0.00000040
2014,81,TUR,0.00000001,0.00000409
2014,81,IND,0.00000001,0.00000163
2014,81,Other,0.00000000,0.00000037
2014,82,ISR,0.00001174,0.00158545
2014,82,CHN,0.00000271,0.00018538
2014,82,JPN,0.00000137,0.00000317
2014,82,ITA,0.00000077,0.00002362
2014,82,DEU,0.00000047,0.00001419
2014,82,Other,0.00000241,0.00010078
2014,83,CHN,0.00000301,0.00039014
2014,83,ISR,0.00000296,0.00026788
2014,83,TUR,0.00000137,0.00016476
2014,83,ITA,0.00000099,0.00008917
2014,83,DEU,0.00000023,0.00002842
2014,83,Other,0.00000100,0.00017799
2014,84,ISR,0.00010953,0.01115139
2014,84,CHN,0.00002671,0.00157422
2014,84,DEU,0.00002507,0.00083526
2014,84,ITA,0.00001283,0.00089091
2014,84,TUR,0.00000635,0.00035743
2014,84,Other,0.00004472,0.00275742
2014,85,ISR,0.00012948,0.00568959
2014,85,JOR,0.00003309,0.00019597
2014,85,CHN,0.00002905,0.00088702
2014,85,TUR,0.00000926,0.00113366
2014,85,SWE,0.00000855,0.00007574
2014,85,Other,0.00002393,0.00093503
2014,86,ISR,0.00000080,0.00000000
2014,86,DEU,0.00000000,0.00000000
2014,87,KOR,0.00009633,0.00873702
2014,87,ISR,0.00006393,0.00819329
2014,87,DEU,0.00003895,0.00449051
2014,87,ESP,0.00002019,0.00187005
2014,87,JPN,0.00000985,0.00082937
2014,87,Other,0.00005877,0.00557669
2014,88,NLD,0.00000001,0.00000000
2014,90,ISR,0.00003098,0.00096652
2014,90,DEU,0.00000677,0.00009222
2014,90,BRA,0.00000610,0.00195601
2014,90,COL,0.00000434,0.00141752
2014,90,JPN,0.00000407,0.00000494
2014,90,Other,0.00003720,0.00357062
2014,91,ISR,0.00000396,0.00072667
2014,91,CHN,0.00000074,0.00001967
2014,91,IND,0.00000031,0.00009410
2014,91,HKG,0.00000015,0.00000051
2014,91,JOR,0.00000013,0.00000724
2014,91,Other,0.00000026,0.00006981
2014,92,ISR,0.00000052,0.00001382
2014,92,CHN,0.00000014,0.00000184
2014,92,EGY,0.00000004,0.00000177
2014,92,CAN,0.00000003,0.00000076
2014,92,HKG,0.00000001,0.00000023
2014,92,Other,0.00000002,0.00000046
2014,94,CHN,0.00001059,0.00138278
2014,94,ISR,0.00000703,0.00113389
2014,94,JOR,0.00000331,0.00112976
2014,94,TUR,0.00000274,0.00049778
2014,94,ITA,0.00000169,0.00028149
2014,94,Other,0.00000425,0.00058242
2014,95,ISR,0.00000511,0.00045020
2014,95,CHN,0.00000212,0.00019390
2014,95,ITA,0.00000017,0.00001241
2014,95,TUR,0.00000016,0.00002249
2014,95,MEX,0.00000015,0.00001158
2014,95,Other,0.00000060,0.00009182
2014,96,CHN,0.00000328,0.00026807
2014,96,ISR,0.00000274,0.00017750
2014,96,IND,0.00000079,0.00003268
2014,96,EGY,0.00000046,0.00007907
2014,96,JOR,0.00000040,0.00004864
2014,96,Other,0.00000131,0.00010859
2014,97,FRA,0.00000007,0.00000050
2014,97,CHN,0.00000000,0.00000000
2014,97,ISR,0.00000000,0.00000000
2014,97,EGY,0.00000000,0.00000000
2014,97,JOR,0.00000000,0.00000005
2014,97,Other,0.00000000,0.00000000
2015,10,ISR,0.00020766,0.26932951
2015,10,IND,0.00000759,0.00824892
2015,10,USA,0.00000442,0.00477482
2015,10,THA,0.00000292,0.00334457
2015,10,TUR,0.00000191,0.00204099
2015,10,Other,0.00000471,0.00423246
2015,11,ISR,0.00003883,0.06058418
2015,11,TUR,0.00000653,0.01788707
2015,11,UKR,0.00000440,0.01769586
2015,11,RUS,0.00000210,0.00455349
2015,11,EGY,0.00000173,0.00269742
2015,11,Other,0.00000287,0.00358913
2015,12,ISR,0.00002881,0.03006325
2015,12,ETH,0.00000362,0.00032695
2015,12,NGA,0.00000248,0.00093920
2015,12,EGY,0.00000215,0.00071162
2015,12,CHN,0.00000076,0.00033273
2015,12,Other,0.00000471,0.00185269
2015,13,ISR,0.00000015,0.00004112
2015,13,ESP,0.00000007,0.00000299
2015,13,CYP,0.00000007,0.00000000
2015,13,CHN,0.00000005,0.00000852
2015,13,GBR,0.00000004,0.00000397
2015,13,Other,0.00000019,0.00001364
2015,14,JOR,0.00000005,0.00004786
2015,14,EGY,0.00000004,0.00003420
2015,14,CHN,0.00000003,0.00003201
2015,14,TUR,0.00000003,0.00003030
2015,14,MEX,0.00000001,0.00001476
2015,14,Other,0.00000002,0.00001581
2015,15,EGY,0.00001449,0.00448666
2015,15,UKR,0.00000847,0.00895760
2015,15,ISR,0.00000604,0.00434491
2015,15,TUR,0.00000431,0.00365786
2015,15,MYS,0.00000338,0.00224091
2015,15,Other,0.00001168,0.00884115
2015,16,THA,0.00000633,0.00125052
2015,16,ISR,0.00000580,0.00120731
2015,16,FRA,0.00000364,0.00100320
2015,16,BRA,0.00000201,0.00051071
2015,16,PRT,0.00000077,0.00022121
2015,16,Other,0.00000251,0.00066529
2015,17,ISR,0.00003630,0.04658651
2015,17,POL,0.00000656,0.00796581
2015,17,BRA,0.00000490,0.00569538
2015,17,EGY,0.00000381,0.00921614
2015,17,MAR,0.00000356,0.00672090
2015,17,Other,0.00001624,0.01476630
2015,18,ISR,0.00001902,0.00318461
2015,18,TUR,0.00001053,0.00286070
2015,18,NLD,0.00000603,0.00171467
2015,18,ARE,0.00000437,0.00062962
2015,18,GBR,0.00000245,0.00027543
2015,18,Other,0.00000625,0.00116621
2015,19,TUR,0.00003036,0.01279520
2015,19,ISR,0.00001008,0.00289240
2015,19,IRL,0.00000736,0.00154572
2015,19,ARE,0.00000507,0.00101848
2015,19,EGY,0.00000443,0.00166359
2015,19,Other,0.00002604,0.00900688
2015,20,BRA,0.00004376,0.01200209
2015,20,ISR,0.00003498,0.01504234
2015,20,PRY,0.00001013,0.00296310
2015,20,EGY,0.00000765,0.00440202
2015,20,AUS,0.00000317,0.00052938
2015,20,Other,0.00001761,0.00751504
2015,21,ISR,0.00001177,0.00264403
2015,21,FRA,0.00000840,0.00000000
2015,21,EGY,0.00000389,0.00122601
2015,21,JOR,0.00000328,0.00215226
2015,21,THA,0.00000231,0.00013408
2015,21,Other,0.00001191,0.00236098
2015,22,ISR,0.00010090,0.03576145
2015,22,JOR,0.00001147,0.02229175
2015,22,SAU,0.00000686,0.00502820
2015,22,POL,0.00000264,0.00402516
2015,22,EGY,0.00000217,0.00241524
2015,22,Other,0.00000781,0.00895065
2015,23,ISR,0.00014814,0.12091007
2015,23,NLD,0.00000009,0.00006283
2015,23,ESP,0.00000006,0.00003237
2015,23,TUR,0.00000004,0.00008512
2015,23,NZL,0.00000002,0.00001130
2015,23,Other,0.00000001,0.00000716
2015,24,ISR,0.00005233,0.00260990
2015,24,TUR,0.00001624,0.00127462
2015,24,CHE,0.00000688,0.00018867
2015,24,FRA,0.00000111,0.00007944
2015,24,DEU,0.00000053,0.00002711
2015,24,Other,0.00000070,0.00007127
2015,25,ISR,0.00017902,1.62787279
2015,25,JOR,0.00003093,0.56538425
2015,25,EGY,0.00000242,0.03157230
2015,25,TUR,0.00000120,0.01399561
2015,25,CHN,0.00000030,0.00016477
2015,25,Other,0.00000048,0.00147289
2015,26,ISR,0.00000097,0.00514251
2015,26,GBR,0.00000005,0.00000000
2015,26,ESP,0.00000000,0.00000069
2015,26,TUR,0.00000000,0.00000000
2015,26,CHN,0.00000000,0.00000000
2015,27,ISR,0.00108821,0.48736827
2015,27,EGY,0.00002105,0.00382503
2015,27,JOR,0.00000688,0.00065166
2015,27,QAT,0.00000460,0.00479171
2015,27,ARE,0.00000207,0.00113464
2015,27,Other,0.00000598,0.00460368
2015,28,ISR,0.00000931,0.00344041
2015,28,EGY,0.00000327,0.00139554
2015,28,JOR,0.00000090,0.00332880
2015,28,CHN,0.00000087,0.00105836
2015,28,VNM,0.00000044,0.00096268
2015,28,Other,0.00000077,0.00054671
2015,29,ISR,0.00000566,0.00018492
2015,29,HUN,0.00000435,0.00167026
2015,29,CHN,0.00000394,0.00080853
2015,29,IND,0.00000229,0.00003692
2015,29,DEU,0.00000070,0.00021656
2015,29,Other,0.00000295,0.00070881
2015,30,ISR,0.00006598,0.00151896
2015,30,CHE,0.00001735,0.00003870
2015,30,DEU,0.00000847,0.00215503
2015,30,JOR,0.00000746,0.00002835
2015,30,BEL,0.00000467,0.00000916
2015,30,Other,0.00003308,0.00241456
2015,31,ISR,0.00000317,0.00477015
2015,31,JOR,0.00000104,0.00177121
2015,31,CHN,0.00000103,0.00363220
2015,31,NLD,0.00000041,0.00081285
2015,31,ESP,0.00000038,0.00009002
2015,31,Other,0.00000065,0.00050028
2015,32,ISR,0.00002207,0.00269427
2015,32,JOR,0.00001055,0.00544447
2015,32,EGY,0.00000326,0.00075514
2015,32,ITA,0.00000201,0.00043805
2015,32,CHN,0.00000163,0.00044446
2015,32,Other,0.00000569,0.00093577
2015,33,ISR,0.00002851,0.00190203
2015,33,FRA,0.00000810,0.00049314
2015,33,EGY,0.00000395,0.00111432
2015,33,DEU,0.00000281,0.00019541
2015,33,CHN,0.00000216,0.00015894
2015,33,Other,0.00001459,0.00158523
2015,34,ISR,0.00002556,0.00952897
2015,34,EGY,0.00000363,0.00183691
2015,34,GBR,0.00000318,0.00160592
2015,34,CHE,0.00000256,0.00131029
2015,34,BEL,0.00000237,0.00117565
2015,34,Other,0.00000879,0.00424044
2015,35,ISR,0.00000512,0.00109325
2015,35,CHN,0.00000086,0.00030735
2015,35,JOR,0.00000072,0.00023601
2015,35,ITA,0.00000067,0.00011004
2015,35,NLD,0.00000020,0.00001593
2015,35,Other,0.00000089,0.00027085
2015,36,ISR,0.00000047,0.00005067
2015,36,CHN,0.00000003,0.00001077
2015,36,TUR,0.00000001,0.00000224
2015,36,S19,0.00000001,0.00000243
2015,37,ISR,0.00000069,0.00002409
2015,37,DEU,0.00000038,0.00004424
2015,37,BEL,0.00000035,0.00003228
2015,37,USA,0.00000033,0.00001169
2015,37,CHN,0.00000007,0.00001464
2015,37,Other,0.00000007,0.00000242
2015,38,ISR,0.00000814,0.00156019
2015,38,DEU,0.00000159,0.00017253
2015,38,JOR,0.00000152,0.00053308
2015,38,FRA,0.00000103,0.00010332
2015,38,CHN,0.00000089,0.00042258
2015,38,Other,0.00000826,0.00344672
2015,39,ISR,0.00006450,0.01496959
2015,39,SAU,0.00005053,0.02858024
2015,39,QAT,0.00001216,0.00688105
2015,39,NLD,0.00001211,0.00463031
2015,39,JOR,0.00001055,0.00545823
2015,39,Other,0.00005506,0.01939676
2015,40,ISR,0.00008287,0.03046400
2015,40,EGY,0.00000995,0.00329303
2015,40,ESP,0.00000846,0.00161961
2015,40,CHN,0.00000252,0.00054250
2015,40,NLD,0.00000230,0.00047814
2015,40,Other,0.00000891,0.00277115
2015,41,ISR,0.00000845,0.00037616
2015,41,ITA,0.00000018,0.00001629
2015,41,ETH,0.00000017,0.00000655
2015,41,TUR,0.00000015,0.00002702
2015,41,EGY,0.00000010,0.00000331
2015,41,Other,0.00000010,0.00001978
2015,42,CHN,0.00000340,0.00012807
2015,42,ISR,0.00000268,0.00007700
2015,42,TUR,0.00000018,0.00000716
2015,42,JOR,0.00000011,0.00000550
2015,42,HKG,0.00000009,0.00000445
2015,42,Other,0.00000035,0.00001324
2015,43,EGY,0.00000000,0.00000000
2015,43,CHN,0.00000000,0.00000000
2015,44,ISR,0.00007784,0.08590492
2015,44,CHN,0.00001189,0.00959755
2015,44,EGY,0.00000358,0.00532327
2015,44,DEU,0.00000125,0.00156672
2015,44,PRT,0.00000091,0.00130644
2015,44,Other,0.00000683,0.00766867
2015,45,ISR,0.00000054,0.00010496
2015,45,JOR,0.00000001,0.00000280
2015,45,CHN,0.00000000,0.00000047
2015,45,DEU,0.00000000,0.00000009
2015,45,TUR,0.00000000,0.00000011
2015,45,Other,0.00000000,0.00000005
2015,46,JOR,0.00000033,0.00017310
2015,46,EGY,0.00000013,0.00003167
2015,46,CHN,0.00000002,0.00000540
2015,46,ISR,0.00000001,0.00000135
2015,46,IDN,0.00000001,0.00000139
2015,46,Other,0.00000001,0.00000647
2015,47,USA,0.00000088,0.00084036
2015,47,SWE,0.00000004,0.00000000
2015,47,CHN,0.00000001,0.00002116
2015,47,UKR,0.00000000,0.00000657
2015,47,JOR,0.00000000,0.00000988
2015,47,Other,0.00000000,0.00000037
2015,48,ISR,0.00005932,0.02122034
2015,48,TUR,0.00000656,0.00337490
2015,48,EGY,0.00000496,0.00256510
2015,48,CHN,0.00000422,0.00194756
2015,48,JOR,0.00000279,0.00137783
2015,48,Other,0.00001640,0.00975934
2015,49,ISR,0.00000221,0.00013013
2015,49,JOR,0.00000087,0.00011484
2015,49,EGY,0.00000054,0.00004734
2015,49,CHN,0.00000033,0.00001223
2015,49,TUR,0.00000031,0.00000916
2015,49,Other,0.00000073,0.00004121
2015,50,ISR,0.00000041,0.00000006
2015,50,CHN,0.00000002,0.00000000
2015,50,NZL,0.00000001,0.00000000
2015,50,AUS,0.00000000,0.00000000
2015,50,BRA,0.00000000,0.00000098
2015,51,EGY,0.00000014,0.00000457
2015,51,CHN,0.00000000,0.00000024
2015,51,TUR,0.00000000,0.00000021
2015,51,DEU,0.00000000,0.00000000
2015,52,ISR,0.00000085,0.00006454
2015,52,CHN,0.00000055,0.00005432
2015,52,TUR,0.00000051,0.00011302
2015,52,IND,0.00000029,0.00008327
2015,52,ESP,0.00000006,0.00000387
2015,52,Other,0.00000010,0.00000515
2015,53,EGY,0.00000002,0.00000829
2015,53,TZA,0.00000001,0.00000733
2015,53,GRC,0.00000001,0.00000068
2015,53,BRA,0.00000001,0.00000577
2015,53,KEN,0.00000001,0.00000546
2015,53,Other,0.00000000,0.00000009
2015,54,ISR,0.00000546,0.00065304
2015,54,CHN,0.00000369,0.00031609
2015,54,TUR,0.00000101,0.00008351
2015,54,EGY,0.00000048,0.00004616
2015,54,IND,0.00000023,0.00008205
2015,54,Other,0.00000055,0.00007478
2015,55,CHN,0.00000333,0.00059796
2015,55,THA,0.00000172,0.00102979
2015,55,ISR,0.00000092,0.00008462
2015,55,KOR,0.00000055,0.00026153
2015,55,TUR,0.00000037,0.00000910
2015,55,Other,0.00000061,0.00009740
2015,56,ITA,0.00000079,0.00021165
2015,56,CHN,0.00000063,0.00008174
2015,56,TUR,0.00000018,0.00004400
2015,56,ISR,0.00000017,0.00001699
2015,56,BGR,0.00000016,0.00001669
2015,56,Other,0.00000043,0.00009952
2015,57,TUR,0.00000776,0.00153621
2015,57,BEL,0.00000107,0.00022628
2015,57,CHN,0.00000067,0.00006736
2015,57,ISR,0.00000057,0.00006336
2015,57,JOR,0.00000047,0.00027698
2015,57,Other,0.00000094,0.00016573
2015,58,ISR,0.00000230,0.00001245
2015,58,EGY,0.00000089,0.00007370
2015,58,CHN,0.00000076,0.00005110
2015,58,TUR,0.00000050,0.00002731
2015,58,S19,0.00000018,0.00000737
2015,58,Other,0.00000019,0.00001585
2015,59,ISR,0.00000186,0.00019524
2015,59,CHN,0.00000108,0.00009601
2015,59,TUR,0.00000077,0.00004804
2015,59,EGY,0.00000038,0.00007741
2015,59,ITA,0.00000013,0.00001453
2015,59,Other,0.00000042,0.00005009
2015,60,TUR,0.00000230,0.00020200
2015,60,CHN,0.00000215,0.00016972
2015,60,ISR,0.00000190,0.00041748
2015,60,JOR,0.00000030,0.00005703
2015,60,PRT,0.00000017,0.00001751
2015,60,Other,0.00000027,0.00002434
2015,61,CHN,0.00000842,0.00029390
2015,61,TUR,0.00000493,0.00011453
2015,61,JOR,0.00000353,0.00006627
2015,61,ISR,0.00000219,0.00006869
2015,61,HKG,0.00000031,0.00001026
2015,61,Other,0.00000120,0.00003465
2015,62,TUR,0.00002190,0.00037029
2015,62,CHN,0.00001863,0.00039869
2015,62,ISR,0.00000672,0.00017217
2015,62,JOR,0.00000166,0.00002538
2015,62,EGY,0.00000058,0.00000985
2015,62,Other,0.00000180,0.00003319
2015,63,CHN,0.00000671,0.00076663
2015,63,ISR,0.00000305,0.00075774
2015,63,TUR,0.00000196,0.00022347
2015,63,IND,0.00000195,0.00060729
2015,63,JOR,0.00000035,0.00006358
2015,63,Other,0.00000139,0.00021848
2015,64,ISR,0.00000997,0.00045667
2015,64,CHN,0.00000951,0.00028817
2015,64,TUR,0.00000158,0.00006832
2015,64,JOR,0.00000133,0.00004988
2015,64,EGY,0.00000034,0.00001422
2015,64,Other,0.00000073,0.00016013
2015,65,CHN,0.00000026,0.00000954
2015,65,ISR,0.00000006,0.00000050
2015,65,DEU,0.00000004,0.00000138
2015,65,TUR,0.00000002,0.00000004
2015,65,EGY,0.00000001,0.00000000
2015,65,Other,0.00000001,0.00000025
2015,66,CHN,0.00000017,0.00002403
2015,66,ISR,0.00000009,0.00001501
2015,66,JOR,0.00000000,0.00000033
2015,66,HKG,0.00000000,0.00000013
2015,66,AUT,0.00000000,0.00000010
2015,66,Other,0.00000000,0.00000135
2015,67,CHN,0.00000041,0.00002718
2015,67,ISR,0.00000001,0.00000182
2015,67,USA,0.00000001,0.00000032
2015,67,DEU,0.00000001,0.00000010
2015,67,TUR,0.00000001,0.00000074
2015,67,Other,0.00000001,0.00000040
2015,68,ISR,0.00001074,0.00609761
2015,68,CHN,0.00000461,0.00386258
2015,68,IND,0.00000391,0.00475213
2015,68,OMN,0.00000179,0.00176623
2015,68,EGY,0.00000175,0.00232520
2015,68,Other,0.00000375,0.00420819
2015,69,ESP,0.00003894,0.07348297
2015,69,CHN,0.00001738,0.01658796
2015,69,ISR,0.00001083,0.01309273
2015,69,TUR,0.00000318,0.00539697
2015,69,EGY,0.00000191,0.00260177
2015,69,Other,0.00000341,0.00507872
2015,70,ISR,0.00003402,0.02521513
2015,70,CHN,0.00000653,0.00154685
2015,70,TUR,0.00000304,0.00218825
2015,70,EGY,0.00000199,0.00142399
2015,70,NLD,0.00000198,0.00286314
2015,70,Other,0.00000602,0.00850641
2015,71,ISR,0.00001146,0.00752986
2015,71,EGY,0.00000419,0.00349891
2015,71,TUR,0.00000204,0.00155954
2015,71,GBR,0.00000104,0.00002111
2015,71,CHN,0.00000097,0.00002746
2015,71,Other,0.00000390,0.00305154
2015,72,TUR,0.00006125,0.06496114
2015,72,ISR,0.00005333,0.06617162
2015,72,UKR,0.00001963,0.02604794
2015,72,CHN,0.00000605,0.00627894
2015,72,ESP,0.00000443,0.00461257
2015,72,Other,0.00000293,0.00301402
2015,73,ISR,0.00002790,0.00779669
2015,73,CHN,0.00000893,0.00219730
2015,73,TUR,0.00000443,0.00120874
2015,73,JOR,0.00000331,0.00170727
2015,73,EGY,0.00000170,0.00048073
2015,73,Other,0.00000637,0.00129892
2015,74,ISR,0.00000215,0.00014733
2015,74,CHN,0.00000183,0.00013030
2015,74,EGY,0.00000043,0.00006555
2015,74,TUR,0.00000018,0.00002262
2015,74,DEU,0.00000014,0.00001413
2015,74,Other,0.00000036,0.00002340
2015,75,ISR,0.00000116,0.00002228
2015,75,EGY,0.00000005,0.00000000
2015,75,IND,0.00000004,0.00000165
2015,75,DEU,0.00000000,0.00000002
2015,75,CHN,0.00000000,0.00000003
2015,76,JOR,0.00001212,0.00178653
2015,76,ISR,0.00001202,0.00274508
2015,76,BHR,0.00001112,0.00480805
2015,76,CHN,0.00000884,0.00123223
2015,76,TUR,0.00000612,0.00096812
2015,76,Other,0.00000940,0.00246287
2015,78,TUR,0.00000004,0.00001856
2015,78,ISR,0.00000001,0.00000389
2015,78,DEU,0.00000000,0.00000014
2015,78,EGY,0.00000000,0.00000043
2015,78,CHN,0.00000000,0.00000090
2015,78,Other,0.00000000,0.00000022
2015,79,CHN,0.00000024,0.00003089
2015,79,ISR,0.00000001,0.00000388
2015,79,DEU,0.00000001,0.00000081
2015,79,BEL,0.00000000,0.00000005
2015,79,FRA,0.00000000,0.00000013
2015,79,Other,0.00000000,0.00000006
2015,80,ISR,0.00008965,0.06569081
2015,80,VNM,0.00000222,0.00032598
2015,80,IND,0.00000156,0.00022473
2015,80,CHN,0.00000095,0.00008026
2015,80,ARE,0.00000095,0.00034148
2015,80,Other,0.00000232,0.00055282
2015,81,ISR,0.00000477,0.00208120
2015,81,TUR,0.00000004,0.00000997
2015,81,IND,0.00000003,0.00000647
2015,81,THA,0.00000002,0.00000350
2015,81,DEU,0.00000001,0.00000020
2015,81,Other,0.00000002,0.00000504
2015,82,ISR,0.00001159,0.00159829
2015,82,CHN,0.00000263,0.00016679
2015,82,DEU,0.00000080,0.00001814
2015,82,ITA,0.00000048,0.00001316
2015,82,POL,0.00000027,0.00001051
2015,82,Other,0.00000222,0.00008431
2015,83,CHN,0.00000432,0.00044306
2015,83,ISR,0.00000396,0.00035961
2015,83,TUR,0.00000143,0.00020396
2015,83,ITA,0.00000095,0.00013811
2015,83,FRA,0.00000033,0.00009248
2015,83,Other,0.00000108,0.00015674
2015,84,ISR,0.00010060,0.00960277
2015,84,CHN,0.00003099,0.00201053
2015,84,JPN,0.00001366,0.00043466
2015,84,DEU,0.00001334,0.00042229
2015,84,ITA,0.00001307,0.00088813
2015,84,Other,0.00007797,0.00596008
2015,85,ISR,0.00011604,0.00476721
2015,85,CHN,0.00003847,0.00132047
2015,85,JOR,0.00003359,0.00016385
2015,85,TUR,0.00000967,0.00112874
2015,85,GBR,0.00000495,0.00034579
2015,85,Other,0.00003417,0.00099647
2015,86,ISR,0.00000016,0.00007265
2015,86,BEL,0.00000008,0.00000239
2015,86,ITA,0.00000001,0.00000000
2015,86,CHN,0.00000000,0.00000000
2015,86,NLD,0.00000000,0.00000076
2015,86,Other,0.00000000,0.00000010
2015,87,KOR,0.00011405,0.01182667
2015,87,ISR,0.00003588,0.00354048
2015,87,DEU,0.00003473,0.00305676
2015,87,JPN,0.00003057,0.00271624
2015,87,ESP,0.00001988,0.00208664
2015,87,Other,0.00008663,0.00819396
2015,88,FRA,0.00000000,0.00000000
2015,88,ARE,0.00000000,0.00000000
2015,88,NLD,0.00000000,0.00000000
2015,90,ISR,0.00002184,0.00096242
2015,90,JPN,0.00001156,0.00001690
2015,90,DEU,0.00001125,0.00018721
2015,90,USA,0.00000675,0.00006096
2015,90,CHN,0.00000535,0.00029745
2015,90,Other,0.00004217,0.00480975
2015,91,ISR,0.00000232,0.00039075
2015,91,CHN,0.00000085,0.00004918
2015,91,IND,0.00000062,0.00020758
2015,91,TUR,0.00000022,0.00003781
2015,91,JOR,0.00000008,0.00001136
2015,91,Other,0.00000029,0.00004176
2015,92,ISR,0.00000037,0.00000970
2015,92,CHN,0.00000009,0.00000175
2015,92,EGY,0.00000006,0.00000243
2015,92,GBR,0.00000002,0.00000043
2015,92,DEU,0.00000001,0.00000013
2015,92,Other,0.00000003,0.00000078
2015,94,CHN,0.00001103,0.00136406
2015,94,ISR,0.00000731,0.00102453
2015,94,JOR,0.00000480,0.00148227
2015,94,TUR,0.00000176,0.00025161
2015,94,ITA,0.00000174,0.00029592
2015,94,Other,0.00000782,0.00101403
2015,95,ISR,0.00000620,0.00058415
2015,95,CHN,0.00000212,0.00018634
2015,95,DNK,0.00000020,0.00002626
2015,95,S19,0.00000020,0.00001631
2015,95,FRA,0.00000020,0.00001583
2015,95,Other,0.00000059,0.00008119
2015,96,CHN,0.00000309,0.00025632
2015,96,ISR,0.00000163,0.00010091
2015,96,IND,0.00000102,0.00003987
2015,96,TUR,0.00000062,0.00008666
2015,96,EGY,0.00000052,0.00006550
2015,96,Other,0.00000223,0.00022200
2015,97,USA,0.00000002,0.00000000
2015,97,ISR,0.00000000,0.00000000
2015,97,JOR,0.00000000,0.00000023
2015,97,GRC,0.00000000,0.00000028
2015,97,CHN,0.00000000,0.00000000
2015,97,Other,0.00000000,0.00000000
2016,10,ISR,0.00024966,0.35688314
2016,10,IND,0.00000639,0.00740022
2016,10,PRT,0.00000302,0.00116548
2016,10,USA,0.00000295,0.00338857
2016,10,DEU,0.00000195,0.00541785
2016,10,Other,0.00001011,0.01030920
2016,11,ISR,0.00003563,0.06515449
2016,11,UKR,0.00000595,0.02902680
2016,11,TUR,0.00000441,0.01514671
2016,11,DEU,0.00000249,0.00296217
2016,11,EGY,0.00000134,0.00300533
2016,11,Other,0.00000308,0.00543720
2016,12,ISR,0.00002098,0.01461797
2016,12,ETH,0.00000307,0.00058951
2016,12,EGY,0.00000175,0.00084203
2016,12,CHN,0.00000104,0.00041596
2016,12,CHL,0.00000062,0.00059867
2016,12,Other,0.00000340,0.00128889
2016,13,ISR,0.00000015,0.00004447
2016,13,EGY,0.00000009,0.00000016
2016,13,ESP,0.00000003,0.00000151
2016,13,CHN,0.00000003,0.00000529
2016,13,TUR,0.00000003,0.00000467
2016,13,Other,0.00000008,0.00000473
2016,14,EGY,0.00000006,0.00002728
2016,14,TUR,0.00000003,0.00002000
2016,14,JOR,0.00000001,0.00000400
2016,14,ISR,0.00000001,0.00001031
2016,14,GBR,0.00000001,0.00000460
2016,14,Other,0.00000001,0.00000266
2016,15,ISR,0.00000918,0.00786339
2016,15,UKR,0.00000740,0.00794068
2016,15,EGY,0.00000557,0.00484280
2016,15,TUR,0.00000493,0.00453734
2016,15,MYS,0.00000278,0.00242954
2016,15,Other,0.00001074,0.00886322
2016,16,ISR,0.00000531,0.00123434
2016,16,THA,0.00000295,0.00029152
2016,16,MAR,0.00000164,0.00052107
2016,16,JPN,0.00000095,0.00020379
2016,16,BRA,0.00000077,0.00021414
2016,16,Other,0.00000112,0.00028158
2016,17,ISR,0.00003829,0.06122606
2016,17,EGY,0.00000506,0.01100230
2016,17,CZE,0.00000504,0.00656089
2016,17,MAR,0.00000388,0.00631133
2016,17,POL,0.00000370,0.00508796
2016,17,Other,0.00002068,0.02472069
2016,18,ISR,0.00001662,0.00308555
2016,18,TUR,0.00000755,0.00262413
2016,18,NLD,0.00000633,0.00185775
2016,18,ARE,0.00000460,0.00074008
2016,18,POL,0.00000194,0.00032072
2016,18,Other,0.00000909,0.00169714
2016,19,TUR,0.00002859,0.01215896
2016,19,ISR,0.00001132,0.00358472
2016,19,IRL,0.00000927,0.00177876
2016,19,JOR,0.00000422,0.00093427
2016,19,EGY,0.00000392,0.00150694
2016,19,Other,0.00002583,0.00924632
2016,20,ISR,0.00002747,0.01315775
2016,20,BRA,0.00002551,0.00761725
2016,20,EGY,0.00000862,0.00457741
2016,20,AUS,0.00000422,0.00087704
2016,20,PRY,0.00000313,0.00090256
2016,20,Other,0.00001702,0.00809465
2016,21,ISR,0.00001242,0.00337521
2016,21,FRA,0.00001052,0.00000474
2016,21,IRL,0.00000549,0.00000208
2016,21,JOR,0.00000348,0.00230187
2016,21,EGY,0.00000327,0.00115532
2016,21,Other,0.00001095,0.00264931
2016,22,ISR,0.00010964,0.04459351
2016,22,JOR,0.00001324,0.01998953
2016,22,SAU,0.00000608,0.00456093
2016,22,POL,0.00000368,0.00498477
2016,22,NLD,0.00000345,0.00364535
2016,22,Other,0.00000940,0.01209527
2016,23,ISR,0.00017120,0.17599006
2016,23,ESP,0.00000018,0.00011981
2016,23,JOR,0.00000011,0.00007383
2016,23,EGY,0.00000009,0.00022143
2016,23,TUR,0.00000008,0.00005506
2016,23,Other,0.00000015,0.00014314
2016,24,ISR,0.00004822,0.00258347
2016,24,TUR,0.00002116,0.00151607
2016,24,CHE,0.00000504,0.00016326
2016,24,FRA,0.00000133,0.00008740
2016,24,DEU,0.00000067,0.00003591
2016,24,Other,0.00000325,0.00021025
2016,25,ISR,0.00021427,2.17549743
2016,25,JOR,0.00003905,0.88819825
2016,25,TUR,0.00000659,0.10023201
2016,25,EGY,0.00000455,0.06774965
2016,25,ITA,0.00000025,0.00192230
2016,25,Other,0.00000055,0.00249804
2016,26,ISR,0.00000140,0.00772874
2016,26,AUS,0.00000005,0.00005663
2016,26,GBR,0.00000003,0.00003024
2016,26,NLD,0.00000002,0.00002643
2016,26,UKR,0.00000000,0.00000536
2016,26,Other,0.00000000,0.00000008
2016,27,ISR,0.00104264,0.39400169
2016,27,EGY,0.00001412,0.00526340
2016,27,JOR,0.00000519,0.00044841
2016,27,ARE,0.00000181,0.00100952
2016,27,DEU,0.00000157,0.00081720
2016,27,Other,0.00000541,0.00451565
2016,28,ISR,0.00000538,0.00515251
2016,28,EGY,0.00000481,0.00092737
2016,28,CHN,0.00000099,0.00134539
2016,28,JOR,0.00000053,0.00127391
2016,28,VNM,0.00000049,0.00115887
2016,28,Other,0.00000087,0.00098277
2016,29,ISR,0.00000813,0.00106738
2016,29,KOR,0.00000618,0.00292911
2016,29,CHN,0.00000288,0.00062310
2016,29,IND,0.00000265,0.00016452
2016,29,DEU,0.00000047,0.00020881
2016,29,Other,0.00000256,0.00096384
2016,30,ISR,0.00006235,0.00181025
2016,30,CHE,0.00001570,0.00003012
2016,30,DEU,0.00000857,0.00213556
2016,30,USA,0.00000717,0.00013019
2016,30,BEL,0.00000643,0.00001378
2016,30,Other,0.00003090,0.00235796
2016,31,ISR,0.00000266,0.00355030
2016,31,CHN,0.00000125,0.00409776
2016,31,JOR,0.00000106,0.00139634
2016,31,NLD,0.00000037,0.00071662
2016,31,ESP,0.00000028,0.00020943
2016,31,Other,0.00000040,0.00018000
2016,32,ISR,0.00002288,0.00390888
2016,32,JOR,0.00001006,0.00546012
2016,32,EGY,0.00000357,0.00086799
2016,32,CHN,0.00000226,0.00064323
2016,32,ITA,0.00000221,0.00054678
2016,32,Other,0.00000556,0.00107998
2016,33,ISR,0.00002734,0.00202901
2016,33,FRA,0.00001026,0.00064967
2016,33,EGY,0.00000514,0.00121422
2016,33,DEU,0.00000270,0.00019743
2016,33,ARE,0.00000260,0.00031454
2016,33,Other,0.00001511,0.00164494
2016,34,ISR,0.00002352,0.00955065
2016,34,TUR,0.00000257,0.00075141
2016,34,EGY,0.00000217,0.00132672
2016,34,JOR,0.00000192,0.00242522
2016,34,BEL,0.00000155,0.00079982
2016,34,Other,0.00000692,0.00297404
2016,35,ISR,0.00000457,0.00121714
2016,35,ITA,0.00000067,0.00016056
2016,35,CHN,0.00000059,0.00009314
2016,35,JOR,0.00000049,0.00025416
2016,35,TUR,0.00000026,0.00008401
2016,35,Other,0.00000120,0.00040826
2016,36,ISR,0.00000039,0.00005245
2016,36,TUR,0.00000000,0.00000008
2016,37,ISR,0.00000062,0.00003502
2016,37,DEU,0.00000049,0.00004810
2016,37,USA,0.00000024,0.00001072
2016,37,BEL,0.00000009,0.00000425
2016,37,CHN,0.00000006,0.00000553
2016,37,Other,0.00000004,0.00000129
2016,38,ISR,0.00000821,0.00209463
2016,38,DEU,0.00000217,0.00014809
2016,38,FRA,0.00000177,0.00040578
2016,38,ESP,0.00000131,0.00011964
2016,38,ARE,0.00000114,0.00057102
2016,38,Other,0.00000819,0.00299942
2016,39,ISR,0.00005736,0.01414009
2016,39,SAU,0.00004555,0.03006150
2016,39,CHN,0.00001205,0.00237043
2016,39,JOR,0.00001133,0.00541770
2016,39,QAT,0.00000896,0.00588537
2016,39,Other,0.00006097,0.02545594
2016,40,ISR,0.00009580,0.03960569
2016,40,EGY,0.00000821,0.00444641
2016,40,ESP,0.00000377,0.00183593
2016,40,CHN,0.00000325,0.00063840
2016,40,FRA,0.00000284,0.00004177
2016,40,Other,0.00001509,0.00386800
2016,41,ISR,0.00000958,0.00047285
2016,41,ITA,0.00000026,0.00001175
2016,41,EGY,0.00000009,0.00000321
2016,41,TUR,0.00000006,0.00000444
2016,41,IND,0.00000005,0.00000209
2016,41,Other,0.00000003,0.00000132
2016,42,CHN,0.00000288,0.00010146
2016,42,ISR,0.00000251,0.00006122
2016,42,TUR,0.00000166,0.00010110
2016,42,NLD,0.00000056,0.00001669
2016,42,IND,0.00000021,0.00000689
2016,42,Other,0.00000121,0.00004730
2016,43,EGY,0.00000000,0.00000000
2016,43,CHN,0.00000000,0.00000000
2016,44,ISR,0.00008424,0.09061357
2016,44,CHN,0.00001054,0.00964470
2016,44,EGY,0.00000507,0.00766699
2016,44,DEU,0.00000171,0.00258463
2016,44,UKR,0.00000114,0.00158912
2016,44,Other,0.00001012,0.01175477
2016,45,ISR,0.00000051,0.00008701
2016,45,DEU,0.00000000,0.00000006
2016,45,CHN,0.00000000,0.00000020
2016,45,JOR,0.00000000,0.00000016
2016,45,TUR,0.00000000,0.00000005
2016,46,JOR,0.00000014,0.00006068
2016,46,EGY,0.00000013,0.00002389
2016,46,BRA,0.00000004,0.00000763
2016,46,CHN,0.00000002,0.00000449
2016,46,ISR,0.00000001,0.00000408
2016,46,Other,0.00000001,0.00000818
2016,47,USA,0.00000039,0.00057925
2016,47,SWE,0.00000002,0.00002229
2016,47,JOR,0.00000000,0.00003626
2016,47,EGY,0.00000000,0.00000404
2016,48,ISR,0.00005675,0.02453609
2016,48,TUR,0.00000375,0.00183946
2016,48,CHN,0.00000358,0.00129586
2016,48,EGY,0.00000358,0.00209536
2016,48,POL,0.00000252,0.00034480
2016,48,Other,0.00001730,0.01285120
2016,49,ISR,0.00000294,0.00022465
2016,49,GBR,0.00000061,0.00005356
2016,49,EGY,0.00000052,0.00004486
2016,49,CHN,0.00000045,0.00002832
2016,49,TUR,0.00000034,0.00002765
2016,49,Other,0.00000131,0.00013853
2016,50,ISR,0.00000061,0.00029539
2016,50,AUS,0.00000003,0.00000000
2016,50,CHN,0.00000002,0.00000000
2016,50,NZL,0.00000000,0.00000000
2016,50,NLD,0.00000000,0.00000000
2016,51,CHN,0.00000017,0.00000175
2016,51,EGY,0.00000016,0.00000450
2016,51,TUR,0.00000002,0.00000089
2016,51,GBR,0.00000002,0.00000039
2016,51,ISR,0.00000000,0.00000007
2016,51,Other,0.00000000,0.00000001
2016,52,ISR,0.00000047,0.00003385
2016,52,TUR,0.00000036,0.00010956
2016,52,CHN,0.00000032,0.00004144
2016,52,IND,0.00000021,0.00007430
2016,52,EGY,0.00000021,0.00001285
2016,52,Other,0.00000012,0.00000727
2016,53,EGY,0.00000003,0.00000494
2016,53,TZA,0.00000001,0.00001396
2016,53,KEN,0.00000001,0.00000842
2016,53,IND,0.00000001,0.00000296
2016,53,ITA,0.00000001,0.00000584
2016,53,Other,0.00000000,0.00000065
2016,54,ISR,0.00000588,0.00073614
2016,54,CHN,0.00000380,0.00037396
2016,54,TUR,0.00000113,0.00012072
2016,54,EGY,0.00000040,0.00003634
2016,54,JOR,0.00000015,0.00002167
2016,54,Other,0.00000065,0.00009868
2016,55,CHN,0.00000269,0.00048198
2016,55,THA,0.00000090,0.00064558
2016,55,TUR,0.00000059,0.00005086
2016,55,ISR,0.00000053,0.00004480
2016,55,KOR,0.00000053,0.00036658
2016,55,Other,0.00000065,0.00018242
2016,56,TUR,0.00000077,0.00020492
2016,56,CHN,0.00000076,0.00013702
2016,56,ITA,0.00000042,0.00012961
2016,56,ISR,0.00000015,0.00001963
2016,56,JOR,0.00000014,0.00003189
2016,56,Other,0.00000054,0.00010811
2016,57,TUR,0.00000680,0.00141359
2016,57,CHN,0.00000221,0.00055126
2016,57,ISR,0.00000059,0.00007944
2016,57,BEL,0.00000053,0.00012966
2016,57,EGY,0.00000041,0.00003193
2016,57,Other,0.00000120,0.00045121
2016,58,ISR,0.00000270,0.00000658
2016,58,CHN,0.00000090,0.00005266
2016,58,TUR,0.00000047,0.00002965
2016,58,EGY,0.00000024,0.00001360
2016,58,SAU,0.00000017,0.00001518
2016,58,Other,0.00000025,0.00001304
2016,59,ISR,0.00000155,0.00018536
2016,59,CHN,0.00000147,0.00011834
2016,59,TUR,0.00000073,0.00008828
2016,59,DEU,0.00000028,0.00003102
2016,59,SAU,0.00000014,0.00001253
2016,59,Other,0.00000019,0.00001804
2016,60,ISR,0.00000236,0.00058556
2016,60,CHN,0.00000234,0.00018724
2016,60,TUR,0.00000222,0.00021805
2016,60,JOR,0.00000058,0.00007413
2016,60,KOR,0.00000020,0.00001995
2016,60,Other,0.00000033,0.00005169
2016,61,CHN,0.00001044,0.00045376
2016,61,TUR,0.00000688,0.00019298
2016,61,JOR,0.00000213,0.00006664
2016,61,ISR,0.00000161,0.00005326
2016,61,EGY,0.00000062,0.00002282
2016,61,Other,0.00000602,0.00020547
2016,62,TUR,0.00002072,0.00036429
2016,62,CHN,0.00001854,0.00040899
2016,62,ISR,0.00000693,0.00020658
2016,62,JOR,0.00000137,0.00002951
2016,62,EGY,0.00000134,0.00002890
2016,62,Other,0.00000823,0.00018026
2016,63,CHN,0.00000645,0.00067491
2016,63,ISR,0.00000178,0.00046048
2016,63,IND,0.00000150,0.00049741
2016,63,TUR,0.00000101,0.00011669
2016,63,CAN,0.00000078,0.00012719
2016,63,Other,0.00000273,0.00040657
2016,64,ISR,0.00000869,0.00041981
2016,64,CHN,0.00000572,0.00014336
2016,64,TUR,0.00000081,0.00001564
2016,64,JOR,0.00000028,0.00001231
2016,64,NLD,0.00000025,0.00000679
2016,64,Other,0.00000224,0.00012442
2016,65,USA,0.00000039,0.00001125
2016,65,CHN,0.00000022,0.00001031
2016,65,JOR,0.00000013,0.00000222
2016,65,ARE,0.00000012,0.00000000
2016,65,ISR,0.00000012,0.00000116
2016,65,Other,0.00000034,0.00000990
2016,66,CHN,0.00000030,0.00005405
2016,66,UKR,0.00000009,0.00001847
2016,66,ISR,0.00000008,0.00001512
2016,66,DNK,0.00000008,0.00000460
2016,66,JOR,0.00000004,0.00000670
2016,66,Other,0.00000006,0.00000884
2016,67,CHN,0.00000045,0.00002966
2016,67,TUR,0.00000008,0.00001053
2016,67,NLD,0.00000006,0.00000814
2016,67,USA,0.00000005,0.00000024
2016,67,VNM,0.00000005,0.00000641
2016,67,Other,0.00000017,0.00001923
2016,68,ISR,0.00001210,0.00910881
2016,68,CHN,0.00000482,0.00475329
2016,68,IND,0.00000372,0.00455901
2016,68,OMN,0.00000182,0.00204776
2016,68,TUR,0.00000163,0.00166025
2016,68,Other,0.00000437,0.00651747
2016,69,CHN,0.00001495,0.01417115
2016,69,ISR,0.00001086,0.01704224
2016,69,ESP,0.00000682,0.00602847
2016,69,IND,0.00000400,0.00648953
2016,69,TUR,0.00000341,0.00645916
2016,69,Other,0.00000503,0.00977822
2016,70,ISR,0.00003556,0.03142061
2016,70,CHN,0.00000572,0.00187481
2016,70,EGY,0.00000328,0.00226649
2016,70,SAU,0.00000312,0.00799433
2016,70,TUR,0.00000298,0.00142355
2016,70,Other,0.00000663,0.00562133
2016,71,ISR,0.00001789,0.01287814
2016,71,EGY,0.00000460,0.00367470
2016,71,TUR,0.00000166,0.00110512
2016,71,CHN,0.00000062,0.00002947
2016,71,CAN,0.00000053,0.00048893
2016,71,Other,0.00000241,0.00215334
2016,72,TUR,0.00010046,0.09391490
2016,72,ISR,0.00004546,0.06789889
2016,72,UKR,0.00002216,0.03568058
2016,72,CHN,0.00000784,0.00959296
2016,72,ESP,0.00000663,0.00639851
2016,72,Other,0.00000749,0.01227530
2016,73,ISR,0.00002612,0.00883526
2016,73,CHN,0.00000970,0.00240438
2016,73,TUR,0.00000427,0.00195408
2016,73,EGY,0.00000295,0.00094958
2016,73,ITA,0.00000256,0.00055409
2016,73,Other,0.00001055,0.00363506
2016,74,ISR,0.00000226,0.00022709
2016,74,CHN,0.00000072,0.00004883
2016,74,TUR,0.00000024,0.00002673
2016,74,ITA,0.00000020,0.00000930
2016,74,DEU,0.00000008,0.00000717
2016,74,Other,0.00000025,0.00001534
2016,75,ISR,0.00000132,0.00000896
2016,75,EGY,0.00000008,0.00000000
2016,75,DEU,0.00000002,0.00000066
2016,75,CHN,0.00000000,0.00000011
2016,75,ESP,0.00000000,0.00000000
2016,76,CHN,0.00001545,0.00317858
2016,76,JOR,0.00001111,0.00172745
2016,76,ISR,0.00001057,0.00265940
2016,76,TUR,0.00000687,0.00120503
2016,76,ARE,0.00000302,0.00119384
2016,76,Other,0.00000707,0.00189942
2016,78,ISR,0.00000007,0.00002164
2016,78,CHN,0.00000000,0.00000095
2016,78,DEU,0.00000000,0.00000021
2016,79,CHN,0.00000004,0.00000317
2016,79,SWE,0.00000002,0.00000220
2016,79,ISR,0.00000002,0.00000520
2016,79,JOR,0.00000000,0.00000048
2016,79,DEU,0.00000000,0.00000066
2016,79,Other,0.00000001,0.00000153
2016,80,ISR,0.00012311,0.09443894
2016,80,VNM,0.00000216,0.00027666
2016,80,IND,0.00000108,0.00015251
2016,80,USA,0.00000093,0.00009213
2016,80,TUR,0.00000092,0.00008168
2016,80,Other,0.00000251,0.00078980
2016,81,ISR,0.00000585,0.00301461
2016,81,TUR,0.00000009,0.00001585
2016,81,ITA,0.00000006,0.00000000
2016,81,THA,0.00000004,0.00000602
2016,81,IND,0.00000003,0.00000440
2016,81,Other,0.00000003,0.00000979
2016,82,ISR,0.00000955,0.00145236
2016,82,CHN,0.00000256,0.00018902
2016,82,DEU,0.00000090,0.00003030
2016,82,ITA,0.00000057,0.00003866
2016,82,TUR,0.00000052,0.00003407
2016,82,Other,0.00000412,0.00019578
2016,83,ISR,0.00000304,0.00033964
2016,83,CHN,0.00000296,0.00027370
2016,83,TUR,0.00000133,0.00016364
2016,83,ITA,0.00000091,0.00011886
2016,83,FRA,0.00000039,0.00009885
2016,83,Other,0.00000283,0.00034446
2016,84,ISR,0.00009534,0.01006422
2016,84,CHN,0.00003123,0.00308320
2016,84,DEU,0.00001897,0.00080373
2016,84,TUR,0.00001541,0.00176795
2016,84,ITA,0.00001322,0.00100171
2016,84,Other,0.00007118,0.00595249
2016,85,ISR,0.00010991,0.00477343
2016,85,CHN,0.00004808,0.00096927
2016,85,JOR,0.00003506,0.00020260
2016,85,TUR,0.00001012,0.00103698
2016,85,ARE,0.00000595,0.00002571
2016,85,Other,0.00003171,0.00131169
2016,86,ISR,0.00000011,0.00000000
2016,86,ITA,0.00000005,0.00000000
2016,86,USA,0.00000000,0.00000000
2016,86,JOR,0.00000000,0.00000000
2016,86,CHN,0.00000000,0.00000000
2016,87,KOR,0.00008833,0.00929651
2016,87,DEU,0.00005226,0.00490868
2016,87,ISR,0.00004563,0.00542896
2016,87,SVK,0.00002469,0.00240527
2016,87,CZE,0.00001767,0.00147099
2016,87,Other,0.00009802,0.00895005
2016,90,ISR,0.00002156,0.00096823
2016,90,DEU,0.00000991,0.00011240
2016,90,CHN,0.00000988,0.00022971
2016,90,USA,0.00000550,0.00005006
2016,90,BRA,0.00000417,0.00110578
2016,90,Other,0.00004219,0.00412724
2016,91,ISR,0.00000188,0.00036081
2016,91,CHN,0.00000092,0.00006238
2016,91,TUR,0.00000070,0.00010738
2016,91,IND,0.00000054,0.00021368
2016,91,NLD,0.00000016,0.00000074
2016,91,Other,0.00000064,0.00008544
2016,92,ISR,0.00000082,0.00002445
2016,92,TUR,0.00000027,0.00001231
2016,92,CHN,0.00000010,0.00000348
2016,92,DNK,0.00000007,0.00000223
2016,92,GBR,0.00000005,0.00000091
2016,92,Other,0.00000012,0.00000418
2016,94,CHN,0.00000995,0.00120941
2016,94,ISR,0.00000636,0.00103550
2016,94,JOR,0.00000383,0.00146632
2016,94,TUR,0.00000253,0.00036856
2016,94,ITA,0.00000145,0.00025363
2016,94,Other,0.00000806,0.00127402
2016,95,ISR,0.00001162,0.00053084
2016,95,CHN,0.00000228,0.00017484
2016,95,ITA,0.00000171,0.00000827
2016,95,TUR,0.00000063,0.00005647
2016,95,USA,0.00000023,0.00002097
2016,95,Other,0.00000097,0.00008270
2016,96,CHN,0.00000339,0.00034491
2016,96,ISR,0.00000188,0.00014256
2016,96,TUR,0.00000094,0.00010582
2016,96,IND,0.00000089,0.00004786
2016,96,EGY,0.00000067,0.00010505
2016,96,Other,0.00000384,0.00056059
2016,97,ZAF,0.00000044,0.00000000
2016,97,ISR,0.00000007,0.00000000
2016,97,GRC,0.00000001,0.00000000
2016,97,USA,0.00000001,0.00000000
2016,97,JOR,0.00000000,0.00000000
2016,97,Other,0.00000001,0.00000000
2017,10,ISR,0.00020355,0.32009271
2017,10,IND,0.00000964,0.01196400
2017,10,RUS,0.00000692,0.02974780
2017,10,USA,0.00000570,0.00708238
2017,10,THA,0.00000236,0.00293213
2017,10,Other,0.00000880,0.01029638
2017,11,ISR,0.00003778,0.07896580
2017,11,EGY,0.00000825,0.01545705
2017,11,UKR,0.00000710,0.03199017
2017,11,TUR,0.00000526,0.01831536
2017,11,RUS,0.00000167,0.00262326
2017,11,Other,0.00000301,0.00518081
2017,12,ISR,0.00001396,0.01501847
2017,12,ETH,0.00000509,0.00309256
2017,12,EGY,0.00000241,0.00115203
2017,12,NGA,0.00000124,0.00075342
2017,12,NLD,0.00000108,0.00000168
2017,12,Other,0.00000380,0.00191626
2017,13,GRC,0.00000019,0.00000273
2017,13,ISR,0.00000012,0.00004234
2017,13,JOR,0.00000005,0.00000215
2017,13,CHN,0.00000005,0.00000766
2017,13,GBR,0.00000005,0.00000632
2017,13,Other,0.00000013,0.00000974
2017,14,JOR,0.00000003,0.00002798
2017,14,ISR,0.00000003,0.00002733
2017,14,TUR,0.00000002,0.00001773
2017,14,EGY,0.00000001,0.00001205
2017,14,VNM,0.00000000,0.00000040
2017,14,Other,0.00000000,0.00000200
2017,15,UKR,0.00001451,0.01538035
2017,15,ISR,0.00001134,0.00926423
2017,15,TUR,0.00000583,0.00590827
2017,15,EGY,0.00000485,0.00451341
2017,15,MYS,0.00000353,0.00258621
2017,15,Other,0.00001066,0.00952682
2017,16,ISR,0.00000596,0.00135656
2017,16,THA,0.00000223,0.00026837
2017,16,MAR,0.00000165,0.00049266
2017,16,JPN,0.00000098,0.00021738
2017,16,PRT,0.00000050,0.00011841
2017,16,Other,0.00000069,0.00020773
2017,17,ISR,0.00003626,0.06421669
2017,17,CZE,0.00000732,0.01370023
2017,17,EGY,0.00000535,0.01208702
2017,17,POL,0.00000350,0.00400277
2017,17,FRA,0.00000295,0.00424840
2017,17,Other,0.00001618,0.01414930
2017,18,ISR,0.00001811,0.00381278
2017,18,TUR,0.00000878,0.00271129
2017,18,EGY,0.00000497,0.00095041
2017,18,NLD,0.00000309,0.00088790
2017,18,ARE,0.00000290,0.00059374
2017,18,Other,0.00001729,0.00320741
2017,19,TUR,0.00002599,0.01206255
2017,19,ISR,0.00001353,0.00443780
2017,19,IRL,0.00000730,0.00181816
2017,19,SAU,0.00000621,0.00350701
2017,19,JOR,0.00000462,0.00110496
2017,19,Other,0.00003500,0.01061466
2017,20,ISR,0.00004126,0.02205039
2017,20,BRA,0.00002607,0.00695782
2017,20,EGY,0.00001723,0.00837254
2017,20,AUS,0.00000516,0.00104986
2017,20,JOR,0.00000449,0.00535061
2017,20,Other,0.00001459,0.00760119
2017,21,ISR,0.00001436,0.00446618
2017,21,FRA,0.00000856,0.00119830
2017,21,JOR,0.00000821,0.00183920
2017,21,EGY,0.00000395,0.00119399
2017,21,USA,0.00000146,0.00037422
2017,21,Other,0.00000956,0.00261763
2017,22,ISR,0.00011318,0.13103011
2017,22,JOR,0.00001138,0.01846612
2017,22,NLD,0.00000830,0.00875591
2017,22,SAU,0.00000649,0.00650434
2017,22,POL,0.00000445,0.00535453
2017,22,Other,0.00001240,0.01542753
2017,23,ISR,0.00021088,0.23411983
2017,23,TUR,0.00000027,0.00018675
2017,23,ESP,0.00000018,0.00012298
2017,23,CHN,0.00000007,0.00005108
2017,23,NLD,0.00000004,0.00002302
2017,23,Other,0.00000016,0.00022329
2017,24,ISR,0.00005048,0.00279162
2017,24,TUR,0.00002390,0.00166526
2017,24,CHE,0.00000972,0.00073857
2017,24,DEU,0.00000186,0.00011258
2017,24,ITA,0.00000083,0.00013087
2017,24,Other,0.00000469,0.00061389
2017,25,ISR,0.00017917,2.61093892
2017,25,JOR,0.00007087,1.31515517
2017,25,TUR,0.00000405,0.02974946
2017,25,EGY,0.00000090,0.01560793
2017,25,ITA,0.00000029,0.00342177
2017,25,Other,0.00000043,0.00382160
2017,26,ISR,0.00000624,0.03682983
2017,26,LKA,0.00000005,0.00006427
2017,26,TUR,0.00000000,0.00000063
2017,27,ISR,0.00110901,0.87388009
2017,27,EGY,0.00000617,0.00003746
2017,27,JOR,0.00000593,0.00039351
2017,27,DEU,0.00000153,0.00128794
2017,27,TUR,0.00000139,0.00143615
2017,27,Other,0.00000540,0.00477216
2017,28,EGY,0.00000503,0.00102428
2017,28,ISR,0.00000461,0.01271380
2017,28,CHN,0.00000088,0.00122391
2017,28,JOR,0.00000056,0.00140566
2017,28,TUR,0.00000046,0.00119329
2017,28,Other,0.00000104,0.00132689
2017,29,KOR,0.00001019,0.00286134
2017,29,ISR,0.00000663,0.00110557
2017,29,IND,0.00000459,0.00046450
2017,29,CHN,0.00000422,0.00104366
2017,29,HUN,0.00000129,0.00036465
2017,29,Other,0.00000404,0.00070637
2017,30,ISR,0.00007923,0.00303991
2017,30,CHE,0.00001754,0.00004209
2017,30,DEU,0.00001061,0.00236746
2017,30,AUT,0.00000356,0.00000552
2017,30,USA,0.00000330,0.00006968
2017,30,Other,0.00002670,0.00294286
2017,31,ISR,0.00000187,0.00363414
2017,31,JOR,0.00000121,0.00211998
2017,31,CHN,0.00000110,0.00507947
2017,31,ITA,0.00000030,0.00016548
2017,31,NLD,0.00000026,0.00069502
2017,31,Other,0.00000081,0.00101525
2017,32,ISR,0.00002219,0.00377997
2017,32,JOR,0.00001145,0.00618914
2017,32,EGY,0.00000257,0.00063585
2017,32,CHN,0.00000203,0.00055272
2017,32,DEU,0.00000133,0.00009832
2017,32,Other,0.00000629,0.00155712
2017,33,ISR,0.00003162,0.00240637
2017,33,EGY,0.00000473,0.00091392
2017,33,DEU,0.00000324,0.00020240
2017,33,ARE,0.00000322,0.00044005
2017,33,ROU,0.00000297,0.00070240
2017,33,Other,0.00001435,0.00121105
2017,34,ISR,0.00002110,0.00913213
2017,34,TUR,0.00001222,0.00733903
2017,34,JOR,0.00000248,0.00305812
2017,34,EGY,0.00000233,0.00145308
2017,34,GBR,0.00000176,0.00098955
2017,34,Other,0.00000596,0.00286929
2017,35,ISR,0.00000528,0.00177688
2017,35,CHN,0.00000093,0.00020582
2017,35,TUR,0.00000070,0.00022196
2017,35,JOR,0.00000050,0.00019860
2017,35,ITA,0.00000041,0.00011236
2017,35,Other,0.00000137,0.00041873
2017,36,ISR,0.00000032,0.00002046
2017,36,CHN,0.00000000,0.00000010
2017,37,ISR,0.00000044,0.00003688
2017,37,DEU,0.00000043,0.00002577
2017,37,USA,0.00000024,0.00000945
2017,37,NLD,0.00000007,0.00000033
2017,37,CHN,0.00000006,0.00000413
2017,37,Other,0.00000007,0.00000272
2017,38,ISR,0.00000581,0.00171588
2017,38,DEU,0.00000218,0.00019729
2017,38,JOR,0.00000173,0.00092920
2017,38,ARE,0.00000150,0.00088968
2017,38,ITA,0.00000119,0.00081029
2017,38,Other,0.00000798,0.00338680
2017,39,ISR,0.00005956,0.01565045
2017,39,SAU,0.00005630,0.04062253
2017,39,JOR,0.00001299,0.00669681
2017,39,CHN,0.00001094,0.00222370
2017,39,QAT,0.00001002,0.00726061
2017,39,Other,0.00005968,0.03165314
2017,40,ISR,0.00009760,0.04270584
2017,40,EGY,0.00000892,0.00389832
2017,40,NLD,0.00000476,0.00104622
2017,40,ESP,0.00000465,0.00112001
2017,40,CHN,0.00000370,0.00112118
2017,40,Other,0.00001292,0.00416146
2017,41,ISR,0.00000952,0.00049179
2017,41,ITA,0.00000046,0.00001911
2017,41,EGY,0.00000005,0.00000577
2017,41,TUR,0.00000005,0.00000394
2017,41,IND,0.00000002,0.00000069
2017,41,Other,0.00000000,0.00000006
2017,42,CHN,0.00000364,0.00013957
2017,42,ISR,0.00000285,0.00006059
2017,42,TUR,0.00000033,0.00001153
2017,42,HKG,0.00000018,0.00000895
2017,42,IND,0.00000011,0.00000301
2017,42,Other,0.00000024,0.00001011
2017,43,COL,0.00000001,0.00000016
2017,43,DNK,0.00000000,0.00000001
2017,43,CHN,0.00000000,0.00000007
2017,43,EGY,0.00000000,0.00000001
2017,44,ISR,0.00008601,0.10243721
2017,44,CHN,0.00001245,0.00970983
2017,44,EGY,0.00000285,0.00420356
2017,44,DEU,0.00000165,0.00301552
2017,44,RUS,0.00000147,0.00229472
2017,44,Other,0.00000918,0.01219820
2017,45,ISR,0.00000069,0.00014349
2017,45,CHN,0.00000000,0.00000070
2017,45,JOR,0.00000000,0.00000062
2017,45,DEU,0.00000000,0.00000012
2017,46,JOR,0.00000010,0.00004197
2017,46,EGY,0.00000009,0.00002129
2017,46,CHN,0.00000003,0.00000639
2017,46,ISR,0.00000000,0.00000061
2017,46,TUR,0.00000000,0.00000025
2017,46,Other,0.00000000,0.00000021
2017,47,USA,0.00000039,0.00065254
2017,47,URY,0.00000006,0.00009909
2017,47,DEU,0.00000004,0.00002419
2017,47,SWE,0.00000002,0.00002668
2017,47,JOR,0.00000001,0.00003451
2017,48,ISR,0.00006050,0.04446209
2017,48,TUR,0.00000776,0.00489491
2017,48,CHN,0.00000366,0.00154478
2017,48,EGY,0.00000366,0.00305819
2017,48,POL,0.00000352,0.00084255
2017,48,Other,0.00001488,0.01248021
2017,49,ISR,0.00000357,0.00037771
2017,49,EGY,0.00000038,0.00003398
2017,49,TUR,0.00000028,0.00002108
2017,49,JOR,0.00000026,0.00002302
2017,49,USA,0.00000023,0.00002196
2017,49,Other,0.00000068,0.00006863
2017,50,ISR,0.00000062,0.00103527
2017,50,NZL,0.00000002,0.00000522
2017,50,CHN,0.00000002,0.00000480
2017,50,THA,0.00000000,0.00000063
2017,51,EGY,0.00000004,0.00000113
2017,51,TUR,0.00000003,0.00000132
2017,51,ISR,0.00000001,0.00000223
2017,51,CHN,0.00000001,0.00000025
2017,51,CAN,0.00000000,0.00000000
2017,52,CHN,0.00000035,0.00004224
2017,52,ISR,0.00000033,0.00003013
2017,52,JOR,0.00000026,0.00006234
2017,52,IND,0.00000024,0.00007089
2017,52,TUR,0.00000020,0.00005717
2017,52,Other,0.00000024,0.00001458
2017,53,EGY,0.00000004,0.00002198
2017,53,IND,0.00000003,0.00001298
2017,53,CHN,0.00000002,0.00000428
2017,53,TZA,0.00000001,0.00000958
2017,53,KEN,0.00000001,0.00000231
2017,53,Other,0.00000001,0.00000444
2017,54,ISR,0.00000690,0.00084859
2017,54,CHN,0.00000283,0.00025844
2017,54,TUR,0.00000130,0.00012480
2017,54,EGY,0.00000020,0.00001784
2017,54,KOR,0.00000015,0.00001314
2017,54,Other,0.00000036,0.00007280
2017,55,CHN,0.00000253,0.00041136
2017,55,THA,0.00000158,0.00124536
2017,55,S19,0.00000026,0.00017683
2017,55,ISR,0.00000021,0.00002477
2017,55,TUR,0.00000019,0.00001623
2017,55,Other,0.00000034,0.00013489
2017,56,TUR,0.00000087,0.00025232
2017,56,CHN,0.00000054,0.00009912
2017,56,ITA,0.00000051,0.00017941
2017,56,BGR,0.00000023,0.00004050
2017,56,IND,0.00000007,0.00001881
2017,56,Other,0.00000029,0.00005258
2017,57,TUR,0.00001077,0.00273250
2017,57,EGY,0.00000068,0.00002096
2017,57,BEL,0.00000059,0.00012532
2017,57,ISR,0.00000047,0.00006049
2017,57,CHN,0.00000046,0.00008813
2017,57,Other,0.00000091,0.00032386
2017,58,ISR,0.00000227,0.00009922
2017,58,TUR,0.00000067,0.00003025
2017,58,CHN,0.00000055,0.00003893
2017,58,EGY,0.00000010,0.00000666
2017,58,ITA,0.00000010,0.00000562
2017,58,Other,0.00000011,0.00001144
2017,59,ISR,0.00000170,0.00017833
2017,59,CHN,0.00000129,0.00012564
2017,59,TUR,0.00000074,0.00007743
2017,59,DEU,0.00000018,0.00002335
2017,59,ITA,0.00000010,0.00000572
2017,59,Other,0.00000016,0.00001582
2017,60,ISR,0.00000305,0.00085550
2017,60,TUR,0.00000274,0.00035497
2017,60,CHN,0.00000266,0.00027786
2017,60,JOR,0.00000020,0.00002522
2017,60,KOR,0.00000011,0.00001037
2017,60,Other,0.00000032,0.00004295
2017,61,CHN,0.00000684,0.00034011
2017,61,TUR,0.00000629,0.00020227
2017,61,JOR,0.00000271,0.00010272
2017,61,ISR,0.00000239,0.00008311
2017,61,HKG,0.00000049,0.00001765
2017,61,Other,0.00000120,0.00003949
2017,62,CHN,0.00001609,0.00040441
2017,62,TUR,0.00001428,0.00029302
2017,62,ISR,0.00000716,0.00019839
2017,62,JOR,0.00000248,0.00006683
2017,62,EGY,0.00000167,0.00003107
2017,62,Other,0.00000322,0.00007400
2017,63,CHN,0.00000672,0.00090179
2017,63,IND,0.00000175,0.00067343
2017,63,TUR,0.00000168,0.00019514
2017,63,ISR,0.00000093,0.00016266
2017,63,EGY,0.00000050,0.00006215
2017,63,Other,0.00000086,0.00020770
2017,64,ISR,0.00000988,0.00038275
2017,64,CHN,0.00000755,0.00024698
2017,64,TUR,0.00000128,0.00004345
2017,64,ITA,0.00000035,0.00004118
2017,64,ARE,0.00000019,0.00000280
2017,64,Other,0.00000057,0.00002569
2017,65,CHN,0.00000028,0.00001116
2017,65,GBR,0.00000016,0.00000351
2017,65,TUR,0.00000011,0.00000382
2017,65,ISR,0.00000008,0.00000221
2017,65,EGY,0.00000001,0.00000042
2017,65,Other,0.00000004,0.00000150
2017,66,CHN,0.00000019,0.00003791
2017,66,ISR,0.00000011,0.00002110
2017,66,TUR,0.00000001,0.00000199
2017,66,EGY,0.00000000,0.00000023
2017,66,ITA,0.00000000,0.00000050
2017,66,Other,0.00000000,0.00000108
2017,67,CHN,0.00000052,0.00003985
2017,67,USA,0.00000002,0.00000051
2017,67,IDN,0.00000001,0.00000028
2017,67,HKG,0.00000001,0.00000116
2017,67,ISR,0.00000001,0.00000116
2017,67,Other,0.00000002,0.00000148
2017,68,ISR,0.00001544,0.01852632
2017,68,EGY,0.00000518,0.01353100
2017,68,CHN,0.00000509,0.00662038
2017,68,OMN,0.00000383,0.01224020
2017,68,IND,0.00000309,0.00497350
2017,68,Other,0.00000650,0.01254279
2017,69,CHN,0.00001773,0.02267920
2017,69,ISR,0.00001094,0.01803473
2017,69,ESP,0.00000682,0.00756458
2017,69,IND,0.00000627,0.01182901
2017,69,TUR,0.00000294,0.00268498
2017,69,Other,0.00000528,0.01128734
2017,70,ISR,0.00005075,0.03380110
2017,70,CHN,0.00000554,0.00294243
2017,70,EGY,0.00000282,0.00275048
2017,70,TUR,0.00000219,0.00333108
2017,70,SAU,0.00000168,0.00672077
2017,70,Other,0.00000528,0.00568014
2017,71,ISR,0.00001493,0.01086785
2017,71,EGY,0.00000617,0.00483858
2017,71,TUR,0.00000187,0.00153614
2017,71,CAN,0.00000139,0.00137022
2017,71,CHN,0.00000118,0.00008809
2017,71,Other,0.00000306,0.00273537
2017,72,TUR,0.00015443,0.18372521
2017,72,ISR,0.00004507,0.06468787
2017,72,UKR,0.00002521,0.04649590
2017,72,CHN,0.00000726,0.00885267
2017,72,EGY,0.00000314,0.00399925
2017,72,Other,0.00000821,0.01181220
2017,73,ISR,0.00002904,0.01145287
2017,73,CHN,0.00000876,0.00237036
2017,73,TUR,0.00000575,0.00273078
2017,73,JOR,0.00000273,0.00299789
2017,73,EGY,0.00000216,0.00080920
2017,73,Other,0.00000869,0.00283849
2017,74,ISR,0.00001243,0.00230718
2017,74,CHN,0.00000077,0.00005203
2017,74,ITA,0.00000014,0.00000525
2017,74,TUR,0.00000008,0.00001090
2017,74,DEU,0.00000006,0.00000476
2017,74,Other,0.00000014,0.00001126
2017,75,ISR,0.00000181,0.00005123
2017,75,EGY,0.00000007,0.00000000
2017,75,DEU,0.00000001,0.00000008
2017,75,CHN,0.00000001,0.00000033
2017,75,USA,0.00000000,0.00000000
2017,76,JOR,0.00001489,0.00220806
2017,76,ISR,0.00001066,0.00296796
2017,76,CHN,0.00000881,0.00148170
2017,76,TUR,0.00000640,0.00098722
2017,76,ARE,0.00000399,0.00178236
2017,76,Other,0.00000571,0.00148501
2017,78,ISR,0.00000004,0.00001066
2017,78,DEU,0.00000002,0.00000231
2017,78,TUR,0.00000000,0.00000083
2017,78,CHN,0.00000000,0.00000011
2017,78,ITA,0.00000000,0.00000013
2017,78,Other,0.00000000,0.00000001
2017,79,CHN,0.00000010,0.00001265
2017,79,ITA,0.00000004,0.00000317
2017,79,SVK,0.00000001,0.00000399
2017,79,ISR,0.00000001,0.00000309
2017,79,HKG,0.00000001,0.00000113
2017,79,Other,0.00000001,0.00000191
2017,80,ISR,0.00012700,0.09425859
2017,80,VNM,0.00000191,0.00018544
2017,80,CHN,0.00000119,0.00020542
2017,80,ARE,0.00000105,0.00032424
2017,80,IND,0.00000102,0.00009730
2017,80,Other,0.00000182,0.00049329
2017,81,ISR,0.00000645,0.00323310
2017,81,SAU,0.00000008,0.00009800
2017,81,THA,0.00000006,0.00000899
2017,81,DEU,0.00000004,0.00000018
2017,81,IND,0.00000003,0.00000435
2017,81,Other,0.00000003,0.00000785
2017,82,ISR,0.00000966,0.00115105
2017,82,CHN,0.00000272,0.00022003
2017,82,DEU,0.00000077,0.00001674
2017,82,ITA,0.00000052,0.00004720
2017,82,S19,0.00000025,0.00001401
2017,82,Other,0.00000205,0.00008899
2017,83,CHN,0.00000363,0.00046958
2017,83,ISR,0.00000296,0.00038308
2017,83,TUR,0.00000103,0.00015104
2017,83,ITA,0.00000092,0.00016201
2017,83,DEU,0.00000038,0.00003132
2017,83,Other,0.00000132,0.00022005
2017,84,ISR,0.00009255,0.00932709
2017,84,CHN,0.00004272,0.00419982
2017,84,DEU,0.00002416,0.00088055
2017,84,ITA,0.00001986,0.00102432
2017,84,TUR,0.00001348,0.00163505
2017,84,Other,0.00006790,0.00623312
2017,85,ISR,0.00011462,0.00482691
2017,85,CHN,0.00005491,0.00137020
2017,85,SWE,0.00005243,0.00096004
2017,85,JOR,0.00002873,0.00010561
2017,85,TUR,0.00001109,0.00164462
2017,85,Other,0.00004362,0.00173862
2017,86,ISR,0.00000012,0.00000000
2017,86,ITA,0.00000002,0.00000120
2017,86,TUR,0.00000000,0.00000000
2017,87,KOR,0.00010159,0.01034692
2017,87,DEU,0.00005513,0.00600918
2017,87,ISR,0.00004070,0.00455197
2017,87,ESP,0.00001973,0.00217396
2017,87,SVK,0.00001664,0.00147435
2017,87,Other,0.00011620,0.01167338
2017,89,DEU,0.00000013,0.00000385
2017,89,TUR,0.00000000,0.00000006
2017,90,ISR,0.00002430,0.00112617
2017,90,DEU,0.00001086,0.00018385
2017,90,TUR,0.00000965,0.00023806
2017,90,BRA,0.00000710,0.00216625
2017,90,COL,0.00000558,0.00177609
2017,90,Other,0.00004639,0.00400339
2017,91,ISR,0.00000208,0.00038043
2017,91,IND,0.00000070,0.00023009
2017,91,CHN,0.00000065,0.00004947
2017,91,TUR,0.00000023,0.00008533
2017,91,EGY,0.00000019,0.00003150
2017,91,Other,0.00000049,0.00006838
2017,92,ISR,0.00000040,0.00000980
2017,92,CHN,0.00000004,0.00000107
2017,92,EGY,0.00000003,0.00000096
2017,92,GBR,0.00000002,0.00000043
2017,92,JOR,0.00000001,0.00000017
2017,92,Other,0.00000001,0.00000020
2017,94,CHN,0.00001193,0.00154140
2017,94,ISR,0.00000767,0.00132628
2017,94,TUR,0.00000465,0.00095489
2017,94,JOR,0.00000261,0.00655519
2017,94,ITA,0.00000234,0.00050494
2017,94,Other,0.00000637,0.00119673
2017,95,ISR,0.00001214,0.00085533
2017,95,CHN,0.00000417,0.00035475
2017,95,ITA,0.00000118,0.00004625
2017,95,USA,0.00000021,0.00002193
2017,95,DEU,0.00000014,0.00001135
2017,95,Other,0.00000071,0.00010703
2017,96,CHN,0.00000397,0.00041879
2017,96,ISR,0.00000218,0.00017095
2017,96,IND,0.00000086,0.00004154
2017,96,JOR,0.00000065,0.00017176
2017,96,EGY,0.00000052,0.00009848
2017,96,Other,0.00000202,0.00019445
2017,97,USA,0.00000005,0.00000001
2017,97,FRA,0.00000003,0.00000000
2017,97,ISR,0.00000002,0.00000000
2017,97,MEX,0.00000002,0.00000000
2017,97,GBR,0.00000001,0.00000000
2017,97,Other,0.00000002,0.00000004
2018,10,ISR,0.00019510,0.16968203
2018,10,IND,0.00001618,0.01546544
2018,10,PRT,0.00001001,0.00320359
2018,10,RUS,0.00000666,0.02659110
2018,10,PAK,0.00000262,0.00290377
2018,10,Other,0.00001050,0.00873649
2018,11,ISR,0.00003534,0.07724981
2018,11,TUR,0.00000956,0.03460725
2018,11,UKR,0.00000882,0.03452477
2018,11,EGY,0.00000679,0.01393523
2018,11,DEU,0.00000078,0.00079596
2018,11,Other,0.00000245,0.00456769
2018,12,ISR,0.00005971,0.04158858
2018,12,ETH,0.00000852,0.00494510
2018,12,EGY,0.00000210,0.00094815
2018,12,NGA,0.00000164,0.00094393
2018,12,NLD,0.00000119,0.00000212
2018,12,Other,0.00000472,0.00271887
2018,13,ISR,0.00000015,0.00004772
2018,13,GRC,0.00000012,0.00001108
2018,13,GBR,0.00000006,0.00000716
2018,13,ESP,0.00000004,0.00000200
2018,13,DEU,0.00000004,0.00000014
2018,13,Other,0.00000015,0.00001616
2018,14,EGY,0.00000004,0.00004037
2018,14,JOR,0.00000002,0.00002384
2018,14,TUR,0.00000002,0.00001890
2018,14,ISR,0.00000002,0.00001860
2018,14,USA,0.00000001,0.00000899
2018,14,Other,0.00000001,0.00001209
2018,15,UKR,0.00001520,0.01658557
2018,15,ISR,0.00001327,0.01221805
2018,15,TUR,0.00000356,0.00345807
2018,15,EGY,0.00000345,0.00268758
2018,15,MYS,0.00000303,0.00266743
2018,15,Other,0.00001065,0.00916682
2018,16,ISR,0.00000713,0.00140942
2018,16,THA,0.00000212,0.00056529
2018,16,CHN,0.00000109,0.00026839
2018,16,JPN,0.00000103,0.00016320
2018,16,BRA,0.00000082,0.00025021
2018,16,Other,0.00000120,0.00028830
2018,17,ISR,0.00004426,0.05695603
2018,17,FRA,0.00001366,0.01866253
2018,17,EGY,0.00001292,0.01169902
2018,17,POL,0.00000376,0.00465039
2018,17,TUR,0.00000357,0.00316107
2018,17,Other,0.00001806,0.01711057
2018,18,ISR,0.00001748,0.00344962
2018,18,TUR,0.00000875,0.00300117
2018,18,EGY,0.00000717,0.00117518
2018,18,ITA,0.00000378,0.00048541
2018,18,DEU,0.00000266,0.00039191
2018,18,Other,0.00001593,0.00355748
2018,19,ISR,0.00002873,0.00891366
2018,19,TUR,0.00002617,0.01270070
2018,19,IRL,0.00002025,0.00220136
2018,19,JOR,0.00000701,0.00201827
2018,19,ITA,0.00000545,0.00102524
2018,19,Other,0.00004250,0.01454872
2018,20,ISR,0.00005611,0.02470741
2018,20,BRA,0.00002637,0.00762294
2018,20,EGY,0.00001073,0.00469455
2018,20,AUS,0.00000682,0.00118983
2018,20,JOR,0.00000489,0.00700121
2018,20,Other,0.00002077,0.01025892
2018,21,ISR,0.00001642,0.00497303
2018,21,FRA,0.00001021,0.00141770
2018,21,JOR,0.00000912,0.00235016
2018,21,EGY,0.00000378,0.00124047
2018,21,POL,0.00000227,0.00031783
2018,21,Other,0.00001663,0.00413421
2018,22,ISR,0.00011101,0.17382284
2018,22,JOR,0.00001077,0.01364538
2018,22,SAU,0.00000738,0.00617026
2018,22,NLD,0.00000508,0.00473452
2018,22,POL,0.00000502,0.00555588
2018,22,Other,0.00001229,0.01387251
2018,23,ISR,0.00025986,0.23545063
2018,23,ESP,0.00000046,0.00031432
2018,23,PRT,0.00000031,0.00095038
2018,23,ITA,0.00000019,0.00012634
2018,23,BEL,0.00000012,0.00008489
2018,23,Other,0.00000038,0.00025123
2018,24,ISR,0.00004348,0.00218568
2018,24,TUR,0.00002581,0.00164751
2018,24,CHE,0.00001045,0.00034092
2018,24,DEU,0.00000203,0.00013016
2018,24,ZWE,0.00000153,0.00026222
2018,24,Other,0.00000319,0.00028495
2018,25,ISR,0.00016877,2.29795294
2018,25,JOR,0.00007558,1.42133176
2018,25,EGY,0.00000387,0.06242206
2018,25,TUR,0.00000243,0.02103414
2018,25,ITA,0.00000013,0.00090050
2018,25,Other,0.00000055,0.00373476
2018,26,ISR,0.00000736,0.04133869
2018,26,JOR,0.00000008,0.00016825
2018,26,IND,0.00000001,0.00000454
2018,27,ISR,0.00123292,0.85341976
2018,27,EGY,0.00001285,0.00907067
2018,27,JOR,0.00001068,0.00035575
2018,27,DEU,0.00000191,0.00116323
2018,27,USA,0.00000089,0.00065783
2018,27,Other,0.00000562,0.00619191
2018,28,ISR,0.00000579,0.01555244
2018,28,JOR,0.00000147,0.00363019
2018,28,CHN,0.00000086,0.00109646
2018,28,EGY,0.00000078,0.00154405
2018,28,TUR,0.00000048,0.00114889
2018,28,Other,0.00000093,0.00174767
2018,29,ISR,0.00001197,0.00208372
2018,29,KOR,0.00001096,0.00273332
2018,29,CHN,0.00000455,0.00087736
2018,29,IND,0.00000454,0.00019706
2018,29,HUN,0.00000387,0.00096979
2018,29,Other,0.00000470,0.00095475
2018,30,ISR,0.00009025,0.00253485
2018,30,CHE,0.00002272,0.00005403
2018,30,DEU,0.00001207,0.00314331
2018,30,DNK,0.00000521,0.00003034
2018,30,ITA,0.00000405,0.00003096
2018,30,Other,0.00003751,0.00408195
2018,31,ISR,0.00000136,0.00291456
2018,31,CHN,0.00000114,0.00505766
2018,31,JOR,0.00000101,0.00174739
2018,31,ITA,0.00000040,0.00041735
2018,31,NLD,0.00000034,0.00065396
2018,31,Other,0.00000080,0.00110579
2018,32,ISR,0.00002334,0.00350308
2018,32,JOR,0.00000749,0.00407330
2018,32,CHN,0.00000252,0.00062189
2018,32,EGY,0.00000164,0.00037658
2018,32,ITA,0.00000132,0.00028233
2018,32,Other,0.00000627,0.00139945
2018,33,ISR,0.00003218,0.00244986
2018,33,EGY,0.00000709,0.00120900
2018,33,ROU,0.00000597,0.00133469
2018,33,FRA,0.00000408,0.00035080
2018,33,ARE,0.00000392,0.00043827
2018,33,Other,0.00001860,0.00152618
2018,34,ISR,0.00002416,0.01003816
2018,34,EGY,0.00000373,0.00185184
2018,34,JOR,0.00000242,0.00195053
2018,34,TUR,0.00000241,0.00052900
2018,34,GBR,0.00000163,0.00084114
2018,34,Other,0.00000777,0.00274379
2018,35,ISR,0.00000537,0.00183572
2018,35,JOR,0.00000086,0.00031042
2018,35,CHN,0.00000065,0.00019625
2018,35,ITA,0.00000038,0.00012526
2018,35,CHE,0.00000028,0.00007450
2018,35,Other,0.00000104,0.00034223
2018,36,ISR,0.00000103,0.00013352
2018,36,CHN,0.00000002,0.00000606
2018,36,IND,0.00000002,0.00000859
2018,36,EGY,0.00000001,0.00000543
2018,37,ISR,0.00000048,0.00003938
2018,37,DEU,0.00000026,0.00002905
2018,37,USA,0.00000013,0.00000399
2018,37,BEL,0.00000008,0.00000245
2018,37,JPN,0.00000005,0.00000186
2018,37,Other,0.00000011,0.00000267
2018,38,ISR,0.00001101,0.00362987
2018,38,DEU,0.00000219,0.00023204
2018,38,JOR,0.00000219,0.00241923
2018,38,ESP,0.00000121,0.00030708
2018,38,BEL,0.00000107,0.00037620
2018,38,Other,0.00000881,0.00493519
2018,39,SAU,0.00006856,0.04841852
2018,39,ISR,0.00006850,0.01750988
2018,39,CHN,0.00001440,0.00327654
2018,39,JOR,0.00001415,0.00705138
2018,39,TUR,0.00001213,0.00521850
2018,39,Other,0.00005341,0.02614222
2018,40,ISR,0.00009974,0.03046341
2018,40,EGY,0.00001116,0.00488550
2018,40,ITA,0.00001030,0.00303705
2018,40,NLD,0.00000517,0.00109534
2018,40,CHN,0.00000474,0.00130720
2018,40,Other,0.00001597,0.00497106
2018,41,ISR,0.00000843,0.00041232
2018,41,ITA,0.00000025,0.00001073
2018,41,EGY,0.00000006,0.00000184
2018,41,TUR,0.00000004,0.00000162
2018,41,DEU,0.00000002,0.00000064
2018,41,Other,0.00000003,0.00000115
2018,42,CHN,0.00000394,0.00015413
2018,42,ISR,0.00000350,0.00009338
2018,42,TUR,0.00000051,0.00001847
2018,42,HKG,0.00000035,0.00001809
2018,42,IND,0.00000008,0.00000230
2018,42,Other,0.00000017,0.00000635
2018,43,IND,0.00000005,0.00000090
2018,43,TUR,0.00000000,0.00000002
2018,43,CHN,0.00000000,0.00000004
2018,43,DEU,0.00000000,0.00000001
2018,44,ISR,0.00010592,0.12023297
2018,44,CHN,0.00001039,0.00716242
2018,44,EGY,0.00000226,0.00350013
2018,44,DEU,0.00000144,0.00252083
2018,44,RUS,0.00000130,0.00215446
2018,44,Other,0.00000974,0.01367774
2018,45,ISR,0.00000121,0.00019627
2018,45,ITA,0.00000008,0.00001231
2018,45,EGY,0.00000001,0.00000037
2018,45,JOR,0.00000000,0.00000037
2018,45,DEU,0.00000000,0.00000011
2018,45,Other,0.00000000,0.00000044
2018,46,JOR,0.00000009,0.00005576
2018,46,EGY,0.00000006,0.00001640
2018,46,CHN,0.00000004,0.00000500
2018,46,ISR,0.00000003,0.00000554
2018,46,SGP,0.00000002,0.00001222
2018,46,Other,0.00000001,0.00000619
2018,47,USA,0.00000056,0.00074432
2018,47,URY,0.00000006,0.00006812
2018,47,JOR,0.00000001,0.00005411
2018,48,ISR,0.00006816,0.04328257
2018,48,JOR,0.00000945,0.00847642
2018,48,TUR,0.00000600,0.00322605
2018,48,CHN,0.00000392,0.00141983
2018,48,POL,0.00000377,0.00078810
2018,48,Other,0.00001983,0.01337644
2018,49,ISR,0.00000223,0.00018516
2018,49,FRA,0.00000059,0.00003143
2018,49,EGY,0.00000055,0.00004360
2018,49,JOR,0.00000054,0.00011296
2018,49,GBR,0.00000049,0.00004486
2018,49,Other,0.00000088,0.00006862
2018,50,ISR,0.00000024,0.00030168
2018,50,CHN,0.00000003,0.00000860
2018,50,THA,0.00000002,0.00000789
2018,50,NZL,0.00000000,0.00000123
2018,50,ARE,0.00000000,0.00000013
2018,50,Other,0.00000000,0.00000000
2018,51,ISR,0.00000001,0.00000248
2018,51,EGY,0.00000000,0.00000005
2018,51,CHN,0.00000000,0.00000009
2018,51,TUR,0.00000000,0.00000003
2018,51,BEL,0.00000000,0.00000034
2018,52,ISR,0.00000074,0.00005525
2018,52,IND,0.00000034,0.00011870
2018,52,JOR,0.00000031,0.00006902
2018,52,TUR,0.00000031,0.00009471
2018,52,CHN,0.00000022,0.00001956
2018,52,Other,0.00000013,0.00001102
2018,53,KEN,0.00000004,0.00003710
2018,53,ISR,0.00000003,0.00000304
2018,53,ITA,0.00000001,0.00000285
2018,53,TZA,0.00000001,0.00001004
2018,53,IND,0.00000000,0.00000250
2018,53,Other,0.00000001,0.00000424
2018,54,ISR,0.00000855,0.00105871
2018,54,CHN,0.00000306,0.00026918
2018,54,TUR,0.00000125,0.00012847
2018,54,IND,0.00000018,0.00005268
2018,54,ITA,0.00000015,0.00001776
2018,54,Other,0.00000052,0.00015938
2018,55,CHN,0.00000270,0.00037570
2018,55,THA,0.00000121,0.00085758
2018,55,KOR,0.00000065,0.00044295
2018,55,TUR,0.00000024,0.00003273
2018,55,ISR,0.00000017,0.00001822
2018,55,Other,0.00000041,0.00013798
2018,56,TUR,0.00000093,0.00025479
2018,56,CHN,0.00000061,0.00011240
2018,56,FRA,0.00000051,0.00010317
2018,56,ITA,0.00000048,0.00014125
2018,56,BGR,0.00000027,0.00002592
2018,56,Other,0.00000037,0.00007383
2018,57,TUR,0.00000995,0.00227739
2018,57,CHN,0.00000114,0.00027840
2018,57,ISR,0.00000065,0.00008506
2018,57,EGY,0.00000062,0.00000961
2018,57,NLD,0.00000032,0.00008258
2018,57,Other,0.00000074,0.00022174
2018,58,ISR,0.00000234,0.00010309
2018,58,CHN,0.00000061,0.00004733
2018,58,TUR,0.00000029,0.00001692
2018,58,ITA,0.00000018,0.00000983
2018,58,S19,0.00000005,0.00000222
2018,58,Other,0.00000007,0.00002347
2018,59,ISR,0.00000180,0.00017543
2018,59,CHN,0.00000082,0.00006506
2018,59,TUR,0.00000026,0.00002356
2018,59,DEU,0.00000019,0.00001868
2018,59,FRA,0.00000004,0.00000434
2018,59,Other,0.00000020,0.00001984
2018,60,ISR,0.00000358,0.00094211
2018,60,TUR,0.00000313,0.00040767
2018,60,CHN,0.00000283,0.00027052
2018,60,KOR,0.00000019,0.00001863
2018,60,EGY,0.00000009,0.00001370
2018,60,Other,0.00000031,0.00008065
2018,61,CHN,0.00000889,0.00032589
2018,61,TUR,0.00000493,0.00014246
2018,61,ISR,0.00000369,0.00013215
2018,61,JOR,0.00000203,0.00008987
2018,61,EGY,0.00000028,0.00000918
2018,61,Other,0.00000148,0.00005051
2018,62,TUR,0.00001701,0.00036470
2018,62,CHN,0.00001263,0.00034122
2018,62,ISR,0.00000767,0.00021018
2018,62,JOR,0.00000185,0.00003463
2018,62,EGY,0.00000082,0.00001688
2018,62,Other,0.00000211,0.00006437
2018,63,CHN,0.00000571,0.00057321
2018,63,TUR,0.00000166,0.00017888
2018,63,IND,0.00000155,0.00051071
2018,63,ISR,0.00000123,0.00013330
2018,63,EGY,0.00000032,0.00004410
2018,63,Other,0.00000057,0.00013274
2018,64,ISR,0.00001152,0.00035716
2018,64,CHN,0.00000652,0.00018582
2018,64,TUR,0.00000165,0.00005016
2018,64,ITA,0.00000033,0.00002859
2018,64,HKG,0.00000028,0.00001057
2018,64,Other,0.00000049,0.00001821
2018,65,CHN,0.00000035,0.00001322
2018,65,ISR,0.00000010,0.00000283
2018,65,TUR,0.00000002,0.00000090
2018,65,EGY,0.00000001,0.00000036
2018,65,DEU,0.00000001,0.00000017
2018,65,Other,0.00000002,0.00000120
2018,66,CHN,0.00000016,0.00001843
2018,66,ISR,0.00000003,0.00000509
2018,66,TUR,0.00000000,0.00000028
2018,66,EGY,0.00000000,0.00000011
2018,66,JOR,0.00000000,0.00000022
2018,66,Other,0.00000000,0.00000042
2018,67,CHN,0.00000056,0.00003136
2018,67,TUR,0.00000006,0.00000641
2018,67,USA,0.00000003,0.00000118
2018,67,ISR,0.00000002,0.00000215
2018,67,HKG,0.00000001,0.00000115
2018,67,Other,0.00000004,0.00000222
2018,68,ISR,0.00001329,0.02439298
2018,68,CHN,0.00000463,0.00535303
2018,68,TUR,0.00000357,0.00908824
2018,68,OMN,0.00000285,0.00983570
2018,68,EGY,0.00000278,0.00456322
2018,68,Other,0.00000597,0.00868141
2018,69,CHN,0.00001793,0.01721271
2018,69,ISR,0.00001391,0.01624780
2018,69,ESP,0.00000806,0.00707098
2018,69,IND,0.00000540,0.00648004
2018,69,TUR,0.00000219,0.00138077
2018,69,Other,0.00000364,0.00724291
2018,70,ISR,0.00004165,0.03152339
2018,70,CHN,0.00000486,0.00251619
2018,70,TUR,0.00000292,0.00262711
2018,70,EGY,0.00000219,0.00064226
2018,70,BGR,0.00000176,0.00353439
2018,70,Other,0.00000517,0.00944320
2018,71,ISR,0.00002397,0.01478953
2018,71,EGY,0.00000402,0.00387814
2018,71,TUR,0.00000133,0.00069733
2018,71,CHN,0.00000085,0.00007843
2018,71,CAN,0.00000083,0.00097850
2018,71,Other,0.00000367,0.00379033
2018,72,TUR,0.00018200,0.20814156
2018,72,ISR,0.00004841,0.06354544
2018,72,UKR,0.00004095,0.06224768
2018,72,EGY,0.00000777,0.00057390
2018,72,CHN,0.00000602,0.00557641
2018,72,Other,0.00001078,0.01313259
2018,73,ISR,0.00003057,0.01107818
2018,73,CHN,0.00001277,0.00401893
2018,73,TUR,0.00000942,0.00514611
2018,73,JOR,0.00000706,0.00482809
2018,73,HKG,0.00000433,0.00132396
2018,73,Other,0.00001309,0.00416468
2018,74,ISR,0.00001178,0.00194608
2018,74,CHN,0.00000076,0.00003198
2018,74,TUR,0.00000041,0.00004953
2018,74,ITA,0.00000023,0.00001178
2018,74,DEU,0.00000009,0.00000689
2018,74,Other,0.00000023,0.00001480
2018,75,ISR,0.00000264,0.00007199
2018,75,DEU,0.00000002,0.00000020
2018,75,EGY,0.00000002,0.00000000
2018,75,CHN,0.00000001,0.00000011
2018,75,USA,0.00000000,0.00000000
2018,75,Other,0.00000000,0.00000000
2018,76,JOR,0.00002090,0.00282265
2018,76,ISR,0.00001597,0.00449654
2018,76,CHN,0.00001127,0.00162322
2018,76,TUR,0.00000486,0.00067715
2018,76,ARE,0.00000217,0.00086423
2018,76,Other,0.00000948,0.00287152
2018,78,ISR,0.00000006,0.00001669
2018,78,GBR,0.00000006,0.00001121
2018,78,USA,0.00000000,0.00000042
2018,78,DEU,0.00000000,0.00000004
2018,78,CHN,0.00000000,0.00000013
2018,78,Other,0.00000000,0.00000009
2018,79,CHN,0.00000024,0.00002689
2018,79,ISR,0.00000003,0.00000575
2018,79,CHE,0.00000000,0.00000094
2018,79,ARE,0.00000000,0.00000250
2018,79,DEU,0.00000000,0.00000016
2018,79,Other,0.00000000,0.00000012
2018,80,ISR,0.00012487,0.08073078
2018,80,VNM,0.00000259,0.00031239
2018,80,ARE,0.00000163,0.00079183
2018,80,TUR,0.00000088,0.00008361
2018,80,USA,0.00000057,0.00023497
2018,80,Other,0.00000261,0.00075873
2018,81,ISR,0.00000619,0.00224988
2018,81,TUR,0.00000009,0.00002795
2018,81,THA,0.00000008,0.00001209
2018,81,SAU,0.00000008,0.00009800
2018,81,JOR,0.00000005,0.00002164
2018,81,Other,0.00000013,0.00003380
2018,82,ISR,0.00000990,0.00132208
2018,82,CHN,0.00000264,0.00022076
2018,82,DEU,0.00000077,0.00001882
2018,82,S19,0.00000038,0.00002685
2018,82,ITA,0.00000033,0.00002485
2018,82,Other,0.00000259,0.00011331
2018,83,ISR,0.00000648,0.00096540
2018,83,CHN,0.00000383,0.00044615
2018,83,TUR,0.00000166,0.00023272
2018,83,ITA,0.00000118,0.00016692
2018,83,DEU,0.00000033,0.00002099
2018,83,Other,0.00000163,0.00023256
2018,84,ISR,0.00011210,0.00935470
2018,84,CHN,0.00004771,0.00449512
2018,84,DEU,0.00002633,0.00092033
2018,84,TUR,0.00002178,0.00289576
2018,84,ITA,0.00001270,0.00105310
2018,84,Other,0.00007974,0.00610995
2018,85,ISR,0.00015105,0.00486561
2018,85,CHN,0.00004162,0.00127571
2018,85,JOR,0.00003007,0.00015484
2018,85,TUR,0.00001510,0.00152009
2018,85,FRA,0.00000958,0.00029982
2018,85,Other,0.00004718,0.00182442
2018,86,ISR,0.00000051,0.00000000
2018,86,JOR,0.00000000,0.00000000
2018,86,CHN,0.00000000,0.00000005
2018,86,HKG,0.00000000,0.00000003
2018,86,SGP,0.00000000,0.00000000
2018,87,KOR,0.00007408,0.00703847
2018,87,DEU,0.00004784,0.00459094
2018,87,ISR,0.00004535,0.00499500
2018,87,ESP,0.00002053,0.00200432
2018,87,USA,0.00001380,0.00119169
2018,87,Other,0.00011524,0.01147610
2018,89,CHN,0.00000000,0.00000028
2018,90,ISR,0.00002777,0.00102657
2018,90,DEU,0.00001141,0.00015496
2018,90,NLD,0.00000858,0.00007318
2018,90,BRA,0.00000741,0.00240557
2018,90,USA,0.00000732,0.00006811
2018,90,Other,0.00005429,0.00714093
2018,91,ISR,0.00000334,0.00049626
2018,91,CHN,0.00000081,0.00001324
2018,91,IND,0.00000054,0.00016986
2018,91,TUR,0.00000032,0.00009534
2018,91,JOR,0.00000018,0.00001699
2018,91,Other,0.00000061,0.00008731
2018,92,ISR,0.00000089,0.00002008
2018,92,CHN,0.00000006,0.00000165
2018,92,GBR,0.00000006,0.00000131
2018,92,EGY,0.00000003,0.00000095
2018,92,IDN,0.00000001,0.00000058
2018,92,Other,0.00000003,0.00000068
2018,94,CHN,0.00001178,0.00159096
2018,94,ISR,0.00000876,0.00137397
2018,94,TUR,0.00000314,0.00038108
2018,94,JOR,0.00000194,0.00074691
2018,94,ITA,0.00000182,0.00032638
2018,94,Other,0.00000724,0.00135801
2018,95,ISR,0.00000874,0.00051149
2018,95,CHN,0.00000316,0.00026081
2018,95,JOR,0.00000060,0.00006078
2018,95,TUR,0.00000034,0.00003072
2018,95,HKG,0.00000028,0.00002260
2018,95,Other,0.00000071,0.00006271
2018,96,ISR,0.00000379,0.00023918
2018,96,CHN,0.00000360,0.00036804
2018,96,JOR,0.00000074,0.00021691
2018,96,EGY,0.00000052,0.00010916
2018,96,TUR,0.00000047,0.00005312
2018,96,Other,0.00000193,0.00013905
2018,97,DEU,0.00000008,0.00000000
2018,97,GRC,0.00000002,0.00000001
2018,97,JOR,0.00000001,0.00000061
2018,97,ISR,0.00000001,0.00000000
2018,97,KWT,0.00000001,0.00000001
2018,97,Other,0.00000001,0.00000000
2019,10,ISR,0.00025479,0.43579049
2019,10,PRT,0.00001506,0.00590880
2019,10,USA,0.00000837,0.00864802
2019,10,IND,0.00000693,0.00417592
2019,10,RUS,0.00000505,0.01880270
2019,10,Other,0.00001580,0.01756376
2019,11,ISR,0.00003378,0.07031139
2019,11,UKR,0.00002192,0.03421021
2019,11,EGY,0.00000547,0.01813756
2019,11,TUR,0.00000217,0.00302327
2019,11,RUS,0.00000140,0.00255088
2019,11,Other,0.00000369,0.00480472
2019,12,ISR,0.00002481,0.03361708
2019,12,ETH,0.00001001,0.00474182
2019,12,EGY,0.00000195,0.00096044
2019,12,IND,0.00000116,0.00053628
2019,12,NLD,0.00000098,0.00003871
2019,12,Other,0.00000505,0.00366752
2019,13,CHN,0.00000009,0.00000837
2019,13,GRC,0.00000007,0.00000842
2019,13,GBR,0.00000006,0.00000625
2019,13,ESP,0.00000004,0.00000179
2019,13,EGY,0.00000003,0.00000452
2019,13,Other,0.00000014,0.00003060
2019,14,ARE,0.00000004,0.00001743
2019,14,TUR,0.00000002,0.00002471
2019,14,CHN,0.00000002,0.00001958
2019,14,EGY,0.00000002,0.00001601
2019,14,ISR,0.00000001,0.00001500
2019,14,Other,0.00000003,0.00002891
2019,15,ISR,0.00002688,0.03370750
2019,15,UKR,0.00001354,0.01535190
2019,15,TUR,0.00000883,0.00935593
2019,15,EGY,0.00000413,0.00462120
2019,15,MYS,0.00000323,0.00316404
2019,15,Other,0.00001077,0.01011520
2019,16,ISR,0.00000662,0.00146378
2019,16,THA,0.00000385,0.00040991
2019,16,MAR,0.00000142,0.00013782
2019,16,JPN,0.00000115,0.00019285
2019,16,CHN,0.00000053,0.00011993
2019,16,Other,0.00000114,0.00029193
2019,17,ISR,0.00004885,0.05669712
2019,17,FRA,0.00000789,0.01415951
2019,17,POL,0.00000752,0.01118021
2019,17,TUR,0.00000486,0.00200239
2019,17,UKR,0.00000382,0.00636264
2019,17,Other,0.00002039,0.02505345
2019,18,ISR,0.00002019,0.00403961
2019,18,EGY,0.00000832,0.00133165
2019,18,TUR,0.00000761,0.00199136
2019,18,ITA,0.00000499,0.00071154
2019,18,NLD,0.00000241,0.00076852
2019,18,Other,0.00001529,0.00321299
2019,19,ISR,0.00002618,0.00824645
2019,19,TUR,0.00002569,0.01264639
2019,19,IRL,0.00001940,0.00213046
2019,19,SAU,0.00000837,0.00455217
2019,19,ITA,0.00000672,0.00151800
2019,19,Other,0.00004761,0.01460707
2019,20,ISR,0.00005047,0.02393323
2019,20,BRA,0.00001795,0.00539176
2019,20,EGY,0.00001331,0.00756193
2019,20,JOR,0.00000605,0.00609010
2019,20,AUS,0.00000428,0.00086874
2019,20,Other,0.00002436,0.01160752
2019,21,ISR,0.00001891,0.00655532
2019,21,JOR,0.00000849,0.00263262
2019,21,EGY,0.00000452,0.00151004
2019,21,FIN,0.00000233,0.00033690
2019,21,POL,0.00000193,0.00028018
2019,21,Other,0.00001802,0.00479850
2019,22,ISR,0.00012069,0.18886731
2019,22,JOR,0.00000828,0.01107070
2019,22,SAU,0.00000595,0.00617951
2019,22,POL,0.00000588,0.00842386
2019,22,TUR,0.00000423,0.00880833
2019,22,Other,0.00001545,0.01277652
2019,23,ISR,0.00029983,0.23481079
2019,23,PRT,0.00000067,0.00230768
2019,23,EGY,0.00000040,0.00058121
2019,23,ESP,0.00000030,0.00020151
2019,23,TUR,0.00000023,0.00014079
2019,23,Other,0.00000034,0.00024192
2019,24,TUR,0.00002642,0.00192399
2019,24,ISR,0.00001774,0.00084964
2019,24,CHE,0.00001330,0.00043432
2019,24,ZWE,0.00000126,0.00022910
2019,24,DEU,0.00000121,0.00009229
2019,24,Other,0.00000430,0.00060340
2019,25,ISR,0.00015161,2.01788135
2019,25,JOR,0.00007947,1.43873331
2019,25,EGY,0.00000444,0.06625345
2019,25,TUR,0.00000083,0.00906777
2019,25,ITA,0.00000014,0.00096445
2019,25,Other,0.00000042,0.00239238
2019,26,ISR,0.00000410,0.01161560
2019,26,NLD,0.00000008,0.00006568
2019,26,AUS,0.00000004,0.00002562
2019,26,SLE,0.00000003,0.00002839
2019,27,ISR,0.00122040,0.75215673
2019,27,JOR,0.00000914,0.00010696
2019,27,TUR,0.00000140,0.00138796
2019,27,EGY,0.00000127,0.00090008
2019,27,ARE,0.00000122,0.00098328
2019,27,Other,0.00000735,0.00798387
2019,28,ISR,0.00000638,0.01360885
2019,28,JOR,0.00000119,0.00315394
2019,28,EGY,0.00000103,0.00094150
2019,28,CHN,0.00000057,0.00076871
2019,28,FRA,0.00000029,0.00057552
2019,28,Other,0.00000075,0.00137434
2019,29,ISR,0.00001064,0.00371947
2019,29,KOR,0.00000535,0.00232895
2019,29,CHN,0.00000449,0.00071780
2019,29,IND,0.00000374,0.00011275
2019,29,HUN,0.00000212,0.00097061
2019,29,Other,0.00000453,0.00111147
2019,30,JOR,0.00010064,0.00135654
2019,30,ISR,0.00008114,0.00264198
2019,30,CHE,0.00002340,0.00005706
2019,30,DEU,0.00001148,0.00336711
2019,30,BEL,0.00000727,0.00001180
2019,30,Other,0.00005011,0.00352458
2019,31,ISR,0.00000473,0.00967983
2019,31,JOR,0.00000149,0.00294820
2019,31,CHN,0.00000126,0.00464670
2019,31,ITA,0.00000043,0.00057026
2019,31,ESP,0.00000036,0.00022826
2019,31,Other,0.00000173,0.00292522
2019,32,ISR,0.00002390,0.00423006
2019,32,JOR,0.00001002,0.00530134
2019,32,EGY,0.00000244,0.00070164
2019,32,CHN,0.00000192,0.00051734
2019,32,ITA,0.00000150,0.00038651
2019,32,Other,0.00000692,0.00148994
2019,33,ISR,0.00003040,0.00232583
2019,33,FRA,0.00001583,0.00096983
2019,33,ARE,0.00000735,0.00071802
2019,33,EGY,0.00000727,0.00123327
2019,33,ROU,0.00000495,0.00110057
2019,33,Other,0.00001846,0.00173785
2019,34,ISR,0.00002959,0.01222725
2019,34,TUR,0.00000318,0.00090922
2019,34,EGY,0.00000303,0.00172825
2019,34,GBR,0.00000271,0.00143513
2019,34,JOR,0.00000183,0.00155349
2019,34,Other,0.00000628,0.00245732
2019,35,ISR,0.00000619,0.00214761
2019,35,TUR,0.00000117,0.00033063
2019,35,CHN,0.00000078,0.00022742
2019,35,JOR,0.00000039,0.00016705
2019,35,CHE,0.00000028,0.00007166
2019,35,Other,0.00000087,0.00024116
2019,36,ISR,0.00000086,0.00005038
2019,36,CHN,0.00000007,0.00001909
2019,36,TUR,0.00000003,0.00001149
2019,36,IND,0.00000001,0.00000306
2019,37,ISR,0.00000048,0.00004282
2019,37,BEL,0.00000008,0.00000236
2019,37,DEU,0.00000006,0.00000241
2019,37,CHN,0.00000004,0.00000105
2019,37,USA,0.00000004,0.00000153
2019,37,Other,0.00000010,0.00000592
2019,38,ISR,0.00001519,0.00299653
2019,38,FRA,0.00000282,0.00031615
2019,38,DEU,0.00000253,0.00020310
2019,38,JOR,0.00000191,0.00227228
2019,38,ESP,0.00000108,0.00020285
2019,38,Other,0.00000939,0.00356827
2019,39,ISR,0.00006929,0.02095606
2019,39,SAU,0.00003787,0.01941353
2019,39,TUR,0.00001429,0.00630643
2019,39,CHN,0.00001266,0.00234837
2019,39,USA,0.00001249,0.00996080
2019,39,Other,0.00006208,0.02924138
2019,40,ISR,0.00011032,0.04457829
2019,40,ITA,0.00001294,0.00387897
2019,40,EGY,0.00001254,0.00616148
2019,40,CHN,0.00000560,0.00168309
2019,40,NLD,0.00000431,0.00100221
2019,40,Other,0.00001817,0.00519420
2019,41,ISR,0.00000739,0.00045270
2019,41,ITA,0.00000008,0.00000328
2019,41,EGY,0.00000007,0.00000251
2019,41,TUR,0.00000004,0.00000212
2019,41,IND,0.00000003,0.00000104
2019,41,Other,0.00000001,0.00000024
2019,42,CHN,0.00000294,0.00010713
2019,42,ISR,0.00000262,0.00008139
2019,42,TUR,0.00000089,0.00003156
2019,42,HKG,0.00000019,0.00000638
2019,42,IND,0.00000009,0.00000268
2019,42,Other,0.00000029,0.00001963
2019,43,CHN,0.00000000,0.00000003
2019,43,HKG,0.00000000,0.00000000
2019,44,ISR,0.00011011,0.13673881
2019,44,CHN,0.00001038,0.00808809
2019,44,EGY,0.00000213,0.00317598
2019,44,TUR,0.00000203,0.00241839
2019,44,DEU,0.00000140,0.00234788
2019,44,Other,0.00001114,0.01588799
2019,45,ISR,0.00000079,0.00012955
2019,45,JOR,0.00000000,0.00000069
2019,45,CHN,0.00000000,0.00000041
2019,45,DEU,0.00000000,0.00000003
2019,45,TUR,0.00000000,0.00000007
2019,46,EGY,0.00000010,0.00002236
2019,46,JOR,0.00000007,0.00002544
2019,46,CHN,0.00000004,0.00001781
2019,46,ARE,0.00000002,0.00000466
2019,46,ISR,0.00000001,0.00000234
2019,46,Other,0.00000001,0.00000177
2019,47,USA,0.00000053,0.00074213
2019,47,BRA,0.00000002,0.00002399
2019,47,URY,0.00000001,0.00001006
2019,47,JOR,0.00000000,0.00001926
2019,47,KOR,0.00000000,0.00003240
2019,48,ISR,0.00005893,0.03988494
2019,48,TUR,0.00001403,0.01050024
2019,48,JOR,0.00000691,0.00630078
2019,48,HUN,0.00000619,0.00125893
2019,48,CHN,0.00000523,0.00244862
2019,48,Other,0.00002053,0.01691786
2019,49,ISR,0.00000171,0.00013355
2019,49,JOR,0.00000098,0.00009343
2019,49,GBR,0.00000059,0.00004974
2019,49,EGY,0.00000055,0.00004670
2019,49,CHN,0.00000020,0.00001405
2019,49,Other,0.00000072,0.00006091
2019,50,ISR,0.00000025,0.00023759
2019,50,NZL,0.00000003,0.00000586
2019,50,AUS,0.00000002,0.00000453
2019,50,EGY,0.00000000,0.00000001
2019,51,ITA,0.00000001,0.00000892
2019,51,KOR,0.00000001,0.00000010
2019,51,TUR,0.00000000,0.00000010
2019,51,CHN,0.00000000,0.00000004
2019,51,EGY,0.00000000,0.00000000
2019,52,ISR,0.00000096,0.00012054
2019,52,TUR,0.00000028,0.00007502
2019,52,CHN,0.00000017,0.00002567
2019,52,EGY,0.00000010,0.00001109
2019,52,IND,0.00000009,0.00002695
2019,52,Other,0.00000012,0.00001576
2019,53,ITA,0.00000002,0.00000362
2019,53,EGY,0.00000002,0.00000451
2019,53,CHN,0.00000001,0.00000187
2019,53,IND,0.00000001,0.00000729
2019,53,KEN,0.00000001,0.00000563
2019,53,Other,0.00000001,0.00000043
2019,54,ISR,0.00000861,0.00133448
2019,54,CHN,0.00000335,0.00028012
2019,54,TUR,0.00000138,0.00017461
2019,54,JOR,0.00000026,0.00009059
2019,54,KOR,0.00000015,0.00001542
2019,54,Other,0.00000042,0.00013650
2019,55,THA,0.00000135,0.00105248
2019,55,CHN,0.00000131,0.00027103
2019,55,KOR,0.00000070,0.00053024
2019,55,TUR,0.00000031,0.00002990
2019,55,VNM,0.00000030,0.00023429
2019,55,Other,0.00000071,0.00033331
2019,56,TUR,0.00000075,0.00019079
2019,56,CHN,0.00000057,0.00013059
2019,56,ITA,0.00000030,0.00009852
2019,56,BGR,0.00000019,0.00001911
2019,56,EGY,0.00000008,0.00001324
2019,56,Other,0.00000031,0.00007395
2019,57,TUR,0.00001071,0.00272374
2019,57,CHN,0.00000144,0.00038173
2019,57,ISR,0.00000080,0.00012609
2019,57,BEL,0.00000047,0.00009917
2019,57,EGY,0.00000043,0.00000560
2019,57,Other,0.00000039,0.00012675
2019,58,ISR,0.00000250,0.00007621
2019,58,CHN,0.00000078,0.00007292
2019,58,JOR,0.00000022,0.00002259
2019,58,TUR,0.00000015,0.00001020
2019,58,EGY,0.00000010,0.00000399
2019,58,Other,0.00000010,0.00000653
2019,59,ISR,0.00000170,0.00019072
2019,59,CHN,0.00000103,0.00009549
2019,59,TUR,0.00000020,0.00002539
2019,59,EGY,0.00000011,0.00000841
2019,59,ESP,0.00000007,0.00000324
2019,59,Other,0.00000027,0.00002267
2019,60,ISR,0.00000708,0.00189617
2019,60,CHN,0.00000446,0.00052145
2019,60,TUR,0.00000282,0.00037816
2019,60,JOR,0.00000009,0.00001555
2019,60,KOR,0.00000008,0.00001247
2019,60,Other,0.00000015,0.00002025
2019,61,TUR,0.00001199,0.00038145
2019,61,CHN,0.00000932,0.00039781
2019,61,ISR,0.00000324,0.00012268
2019,61,JOR,0.00000201,0.00024826
2019,61,HKG,0.00000034,0.00001285
2019,61,Other,0.00000198,0.00005976
2019,62,TUR,0.00001840,0.00045071
2019,62,CHN,0.00001032,0.00028389
2019,62,ISR,0.00000877,0.00024297
2019,62,JOR,0.00000193,0.00004493
2019,62,ITA,0.00000098,0.00003391
2019,62,Other,0.00000304,0.00007127
2019,63,CHN,0.00000668,0.00078429
2019,63,IND,0.00000197,0.00067733
2019,63,ISR,0.00000164,0.00051531
2019,63,TUR,0.00000147,0.00014857
2019,63,EGY,0.00000027,0.00004364
2019,63,Other,0.00000067,0.00016162
2019,64,ISR,0.00001310,0.00038128
2019,64,CHN,0.00000568,0.00017500
2019,64,TUR,0.00000184,0.00005539
2019,64,ITA,0.00000042,0.00001866
2019,64,HKG,0.00000033,0.00001416
2019,64,Other,0.00000054,0.00002041
2019,65,CHN,0.00000041,0.00001386
2019,65,TUR,0.00000008,0.00000262
2019,65,ISR,0.00000004,0.00000104
2019,65,ROU,0.00000002,0.00000059
2019,65,JOR,0.00000001,0.00000025
2019,65,Other,0.00000003,0.00000105
2019,66,CHN,0.00000012,0.00001566
2019,66,ISR,0.00000003,0.00000504
2019,66,TUR,0.00000001,0.00000135
2019,66,IND,0.00000000,0.00000016
2019,66,ITA,0.00000000,0.00000007
2019,66,Other,0.00000000,0.00000042
2019,67,CHN,0.00000074,0.00006159
2019,67,HKG,0.00000003,0.00000271
2019,67,TUR,0.00000001,0.00000207
2019,67,USA,0.00000001,0.00000031
2019,67,NLD,0.00000001,0.00000084
2019,67,Other,0.00000003,0.00000088
2019,68,ISR,0.00001421,0.02660637
2019,68,EGY,0.00000722,0.02336477
2019,68,CHN,0.00000443,0.00495184
2019,68,TUR,0.00000325,0.00682764
2019,68,OMN,0.00000180,0.00826901
2019,68,Other,0.00000333,0.00385735
2019,69,CHN,0.00001518,0.01727412
2019,69,ISR,0.00000850,0.01426060
2019,69,ESP,0.00000680,0.00632222
2019,69,IND,0.00000486,0.00597200
2019,69,TUR,0.00000209,0.00196946
2019,69,Other,0.00000328,0.00712504
2019,70,ISR,0.00002632,0.03004750
2019,70,CHN,0.00000529,0.00280828
2019,70,EGY,0.00000319,0.00191490
2019,70,TUR,0.00000242,0.00158274
2019,70,BGR,0.00000177,0.00405462
2019,70,Other,0.00000626,0.01046113
2019,71,ISR,0.00001826,0.01323272
2019,71,EGY,0.00000804,0.00642295
2019,71,TUR,0.00000197,0.00175298
2019,71,CAN,0.00000110,0.00159453
2019,71,CHN,0.00000082,0.00007635
2019,71,Other,0.00000386,0.00290492
2019,72,TUR,0.00018044,0.19209283
2019,72,ISR,0.00003913,0.05610588
2019,72,UKR,0.00001347,0.02216520
2019,72,CHN,0.00000647,0.00647370
2019,72,RUS,0.00000619,0.00877037
2019,72,Other,0.00000904,0.01175144
2019,73,ISR,0.00002510,0.00980012
2019,73,CHN,0.00001758,0.00872507
2019,73,TUR,0.00001382,0.00988829
2019,73,JOR,0.00000782,0.00262793
2019,73,ITA,0.00000210,0.00056957
2019,73,Other,0.00001007,0.00310323
2019,74,ISR,0.00000157,0.00017958
2019,74,CHN,0.00000070,0.00004314
2019,74,HKG,0.00000028,0.00001712
2019,74,ITA,0.00000017,0.00000612
2019,74,TUR,0.00000015,0.00001720
2019,74,Other,0.00000025,0.00002741
2019,75,ISR,0.00000143,0.00003570
2019,75,DEU,0.00000003,0.00000031
2019,75,EGY,0.00000003,0.00000000
2019,75,CHN,0.00000001,0.00000017
2019,75,ARE,0.00000000,0.00000035
2019,75,Other,0.00000000,0.00000000
2019,76,JOR,0.00002121,0.00282169
2019,76,ISR,0.00001299,0.00318106
2019,76,CHN,0.00001175,0.00189394
2019,76,IND,0.00000472,0.00221278
2019,76,TUR,0.00000417,0.00055943
2019,76,Other,0.00000835,0.00297065
2019,78,ISR,0.00000010,0.00002033
2019,78,USA,0.00000004,0.00000304
2019,78,TUR,0.00000003,0.00001191
2019,78,DEU,0.00000001,0.00000179
2019,78,CHN,0.00000000,0.00000054
2019,79,CHN,0.00000009,0.00001006
2019,79,HKG,0.00000005,0.00000555
2019,79,ISR,0.00000005,0.00001251
2019,79,ESP,0.00000002,0.00000163
2019,79,DEU,0.00000000,0.00000025
2019,79,Other,0.00000000,0.00000037
2019,80,ISR,0.00012936,0.08723399
2019,80,VNM,0.00000343,0.00045971
2019,80,ARE,0.00000172,0.00077617
2019,80,EGY,0.00000133,0.00159420
2019,80,USA,0.00000111,0.00035582
2019,80,Other,0.00000263,0.00093586
2019,81,ISR,0.00000627,0.00245097
2019,81,EGY,0.00000020,0.00010642
2019,81,THA,0.00000008,0.00001123
2019,81,TUR,0.00000005,0.00001241
2019,81,IND,0.00000002,0.00000388
2019,81,Other,0.00000004,0.00001401
2019,82,ISR,0.00000660,0.00114139
2019,82,CHN,0.00000301,0.00026438
2019,82,GRC,0.00000066,0.00002358
2019,82,S19,0.00000043,0.00002788
2019,82,DEU,0.00000042,0.00000789
2019,82,Other,0.00000257,0.00012334
2019,83,ISR,0.00000817,0.00134883
2019,83,CHN,0.00000385,0.00057338
2019,83,TUR,0.00000137,0.00021740
2019,83,MDA,0.00000099,0.00011073
2019,83,ITA,0.00000086,0.00012059
2019,83,Other,0.00000163,0.00023592
2019,84,ISR,0.00011945,0.01027726
2019,84,CHN,0.00004886,0.00543363
2019,84,TUR,0.00001724,0.00185490
2019,84,DEU,0.00001559,0.00055179
2019,84,ITA,0.00001103,0.00086759
2019,84,Other,0.00006894,0.00556413
2019,85,ISR,0.00016729,0.00400794
2019,85,CHN,0.00005040,0.00229506
2019,85,TUR,0.00002067,0.00219685
2019,85,SWE,0.00001386,0.00020917
2019,85,JOR,0.00001132,0.00009056
2019,85,Other,0.00006045,0.00298042
2019,86,ISR,0.00000026,0.00000000
2019,86,ITA,0.00000011,0.00000609
2019,86,CHN,0.00000000,0.00000001
2019,86,TUR,0.00000000,0.00000001
2019,87,KOR,0.00005455,0.00559071
2019,87,ISR,0.00003991,0.00377714
2019,87,DEU,0.00003985,0.00380823
2019,87,CZE,0.00001808,0.00152064
2019,87,ESP,0.00001783,0.00176298
2019,87,Other,0.00009159,0.00912515
2019,88,NER,0.00000000,0.00000001
2019,90,ISR,0.00004330,0.00123268
2019,90,DEU,0.00001078,0.00025493
2019,90,BRA,0.00000877,0.00324065
2019,90,NLD,0.00000838,0.00005802
2019,90,CHN,0.00000631,0.00071319
2019,90,Other,0.00005468,0.00795599
2019,91,ISR,0.00000311,0.00059326
2019,91,CHN,0.00000093,0.00008837
2019,91,IND,0.00000034,0.00008442
2019,91,TUR,0.00000030,0.00007407
2019,91,JOR,0.00000015,0.00001616
2019,91,Other,0.00000039,0.00004948
2019,92,ISR,0.00000062,0.00001502
2019,92,CHN,0.00000005,0.00000203
2019,92,EGY,0.00000004,0.00000115
2019,92,GBR,0.00000002,0.00000069
2019,92,TUR,0.00000002,0.00000056
2019,92,Other,0.00000003,0.00000067
2019,94,CHN,0.00001468,0.00172955
2019,94,ISR,0.00000630,0.00109492
2019,94,TUR,0.00000537,0.00084553
2019,94,JOR,0.00000147,0.00040198
2019,94,ITA,0.00000077,0.00011844
2019,94,Other,0.00000608,0.00111584
2019,95,ISR,0.00000918,0.00057588
2019,95,CHN,0.00000282,0.00030380
2019,95,ITA,0.00000062,0.00004728
2019,95,S19,0.00000015,0.00001183
2019,95,USA,0.00000009,0.00000854
2019,95,Other,0.00000040,0.00005955
2019,96,CHN,0.00000349,0.00032278
2019,96,ISR,0.00000316,0.00021429
2019,96,JOR,0.00000068,0.00016425
2019,96,EGY,0.00000065,0.00011105
2019,96,TUR,0.00000065,0.00007755
2019,96,Other,0.00000179,0.00013340
2019,97,GRC,0.00000008,0.00000004
2019,97,JOR,0.00000003,0.00000000
2019,97,ISR,0.00000002,0.00000000
2019,97,ESP,0.00000001,0.00000000
2019,97,CHN,0.00000000,0.00000000
2019,97,Other,0.00000000,0.00000000
2020,10,ISR,0.00022428,0.16350234
2020,10,IND,0.00002302,0.02266363
2020,10,USA,0.00001006,0.01009846
2020,10,EGY,0.00000780,0.00278237
2020,10,PRT,0.00000617,0.00274210
2020,10,Other,0.00001356,0.02625759
2020,11,ISR,0.00003118,0.06171323
2020,11,TUR,0.00001485,0.04584717
2020,11,UKR,0.00000823,0.02741378
2020,11,EGY,0.00000330,0.00876882
2020,11,DEU,0.00000134,0.00134717
2020,11,Other,0.00000138,0.00203958
2020,12,ISR,0.00002587,0.06048757
2020,12,ETH,0.00000612,0.00318921
2020,12,EGY,0.00000244,0.00153593
2020,12,NLD,0.00000147,0.00003798
2020,12,IND,0.00000136,0.00058218
2020,12,Other,0.00000697,0.00354716
2020,13,ISR,0.00000023,0.00001987
2020,13,GRC,0.00000013,0.00001562
2020,13,CHN,0.00000005,0.00000539
2020,13,EGY,0.00000004,0.00000551
2020,13,GBR,0.00000004,0.00000443
2020,13,Other,0.00000013,0.00002273
2020,14,TUR,0.00000003,0.00002783
2020,14,CHN,0.00000002,0.00002117
2020,14,JOR,0.00000002,0.00000729
2020,14,EGY,0.00000002,0.00001363
2020,14,SGP,0.00000000,0.00000323
2020,14,Other,0.00000000,0.00000068
2020,15,ISR,0.00001730,0.01681030
2020,15,TUR,0.00001035,0.00974806
2020,15,UKR,0.00001001,0.01011437
2020,15,EGY,0.00000709,0.00718872
2020,15,MYS,0.00000282,0.00244304
2020,15,Other,0.00000827,0.00680303
2020,16,ISR,0.00000751,0.00148399
2020,16,THA,0.00000349,0.00039210
2020,16,JPN,0.00000071,0.00014191
2020,16,BRA,0.00000042,0.00015289
2020,16,PRT,0.00000041,0.00009298
2020,16,Other,0.00000088,0.00025274
2020,17,ISR,0.00003261,0.04616831
2020,17,UKR,0.00000650,0.01398621
2020,17,FRA,0.00000646,0.01090370
2020,17,EGY,0.00000567,0.00667714
2020,17,TUR,0.00000467,0.00200946
2020,17,Other,0.00002640,0.03872121
2020,18,ISR,0.00005194,0.00881268
2020,18,EGY,0.00000795,0.00131700
2020,18,ITA,0.00000709,0.00098738
2020,18,TUR,0.00000645,0.00146677
2020,18,POL,0.00000295,0.00054926
2020,18,Other,0.00001677,0.00390519
2020,19,TUR,0.00002697,0.00884240
2020,19,SGP,0.00001562,0.00204005
2020,19,ISR,0.00001367,0.00449722
2020,19,IRL,0.00001150,0.00111899
2020,19,SAU,0.00001043,0.00588771
2020,19,Other,0.00006152,0.01770782
2020,20,ISR,0.00008789,0.03753072
2020,20,BRA,0.00002461,0.00785663
2020,20,EGY,0.00001521,0.00780916
2020,20,JOR,0.00000550,0.00161157
2020,20,USA,0.00000464,0.00129569
2020,20,Other,0.00002571,0.01153513
2020,21,ISR,0.00002109,0.00624198
2020,21,EGY,0.00000584,0.00173439
2020,21,JOR,0.00000301,0.00047040
2020,21,ARE,0.00000257,0.00055350
2020,21,IRL,0.00000218,0.00027391
2020,21,Other,0.00001747,0.00423155
2020,22,ISR,0.00011969,0.03855066
2020,22,JOR,0.00000605,0.00608576
2020,22,POL,0.00000541,0.00829415
2020,22,TUR,0.00000460,0.01065499
2020,22,SAU,0.00000424,0.00337420
2020,22,Other,0.00001690,0.01275768
2020,23,ISR,0.00027886,0.21579509
2020,23,EGY,0.00000044,0.00037883
2020,23,ESP,0.00000034,0.00021063
2020,23,PRT,0.00000030,0.00102454
2020,23,ITA,0.00000025,0.00014991
2020,23,Other,0.00000030,0.00021185
2020,24,CHE,0.00002710,0.00074724
2020,24,TUR,0.00002272,0.00209657
2020,24,ISR,0.00001213,0.00062185
2020,24,EGY,0.00000142,0.00012906
2020,24,POL,0.00000131,0.00024166
2020,24,Other,0.00000635,0.00071093
2020,25,ISR,0.00016670,1.81364061
2020,25,JOR,0.00005864,0.70328570
2020,25,EGY,0.00000558,0.08397758
2020,25,TUR,0.00000081,0.00987772
2020,25,IND,0.00000010,0.00029415
2020,25,Other,0.00000035,0.00208656
2020,26,ISR,0.00000304,0.00942383
2020,26,CHN,0.00000000,0.00000004
2020,27,ISR,0.00099177,0.65530467
2020,27,JOR,0.00001699,0.00009691
2020,27,EGY,0.00000491,0.00856260
2020,27,DEU,0.00000123,0.00112305
2020,27,LTU,0.00000112,0.00093028
2020,27,Other,0.00000536,0.00622712
2020,28,ISR,0.00001721,0.01808888
2020,28,JOR,0.00000087,0.00178481
2020,28,TUR,0.00000082,0.00219661
2020,28,EGY,0.00000060,0.00103576
2020,28,CHN,0.00000054,0.00061727
2020,28,Other,0.00000149,0.00239748
2020,29,ISR,0.00000885,0.00487934
2020,29,CHN,0.00000611,0.00099835
2020,29,IND,0.00000442,0.00012526
2020,29,HUN,0.00000388,0.00197520
2020,29,KOR,0.00000166,0.00079123
2020,29,Other,0.00000414,0.00110196
2020,30,ISR,0.00010435,0.00338466
2020,30,CHE,0.00002557,0.00006138
2020,30,DEU,0.00001073,0.00244977
2020,30,AUT,0.00000629,0.00004547
2020,30,NLD,0.00000553,0.00004487
2020,30,Other,0.00005189,0.00212275
2020,31,ISR,0.00001465,0.05247886
2020,31,CHN,0.00000141,0.00699673
2020,31,JOR,0.00000076,0.00118678
2020,31,ITA,0.00000034,0.00054807
2020,31,TUR,0.00000024,0.00040203
2020,31,Other,0.00000111,0.00217890
2020,32,ISR,0.00002201,0.00434100
2020,32,JOR,0.00000943,0.00124254
2020,32,EGY,0.00000224,0.00054205
2020,32,CHN,0.00000147,0.00033786
2020,32,TUR,0.00000131,0.00038543
2020,32,Other,0.00000662,0.00129198
2020,33,ISR,0.00003112,0.00239992
2020,33,EGY,0.00000713,0.00107780
2020,33,ROU,0.00000634,0.00122673
2020,33,ARE,0.00000423,0.00043741
2020,33,FRA,0.00000408,0.00013363
2020,33,Other,0.00001556,0.00116879
2020,34,ISR,0.00003108,0.01167547
2020,34,EGY,0.00000366,0.00204383
2020,34,TUR,0.00000345,0.00085963
2020,34,GBR,0.00000300,0.00146077
2020,34,JOR,0.00000269,0.00123908
2020,34,Other,0.00000581,0.00203950
2020,35,ISR,0.00000469,0.00159199
2020,35,CHN,0.00000093,0.00024689
2020,35,TUR,0.00000067,0.00017228
2020,35,ITA,0.00000041,0.00008519
2020,35,NLD,0.00000033,0.00003882
2020,35,Other,0.00000129,0.00042921
2020,36,ISR,0.00000070,0.00004642
2020,36,CHN,0.00000003,0.00000692
2020,37,ISR,0.00000032,0.00002865
2020,37,CHN,0.00000009,0.00000984
2020,37,DEU,0.00000007,0.00000287
2020,37,BEL,0.00000006,0.00000101
2020,37,NLD,0.00000003,0.00000230
2020,37,Other,0.00000005,0.00000194
2020,38,ISR,0.00001816,0.00329766
2020,38,DEU,0.00000468,0.00018797
2020,38,JOR,0.00000259,0.00102500
2020,38,FRA,0.00000236,0.00017448
2020,38,ESP,0.00000145,0.00023925
2020,38,Other,0.00001183,0.00426087
2020,39,ISR,0.00005786,0.01665541
2020,39,SAU,0.00004792,0.04446606
2020,39,USA,0.00001620,0.01418323
2020,39,CHN,0.00001343,0.00295108
2020,39,TUR,0.00001115,0.00396548
2020,39,Other,0.00005535,0.02759173
2020,40,ISR,0.00013042,0.03748712
2020,40,EGY,0.00001268,0.00655674
2020,40,ESP,0.00000956,0.00235119
2020,40,CHN,0.00000609,0.00151524
2020,40,NLD,0.00000426,0.00100753
2020,40,Other,0.00003004,0.00849044
2020,41,ISR,0.00000633,0.00044032
2020,41,EGY,0.00000026,0.00000624
2020,41,ITA,0.00000008,0.00000354
2020,41,TUR,0.00000003,0.00000149
2020,41,IND,0.00000002,0.00000092
2020,41,Other,0.00000001,0.00000047
2020,42,ISR,0.00000248,0.00005759
2020,42,CHN,0.00000219,0.00009347
2020,42,TUR,0.00000054,0.00001094
2020,42,IND,0.00000012,0.00000383
2020,42,HKG,0.00000012,0.00000159
2020,42,Other,0.00000012,0.00000360
2020,43,IND,0.00000002,0.00000036
2020,43,EGY,0.00000000,0.00000006
2020,43,TUR,0.00000000,0.00000001
2020,44,ISR,0.00009473,0.11466051
2020,44,CHN,0.00001002,0.00784682
2020,44,EGY,0.00000298,0.00424666
2020,44,TUR,0.00000294,0.00402376
2020,44,USA,0.00000127,0.00099718
2020,44,Other,0.00001035,0.01391358
2020,45,ISR,0.00000026,0.00004130
2020,45,CHN,0.00000000,0.00000028
2020,45,DEU,0.00000000,0.00000002
2020,45,TUR,0.00000000,0.00000002
2020,45,GBR,0.00000000,0.00000001
2020,46,EGY,0.00000009,0.00001807
2020,46,CHN,0.00000006,0.00002130
2020,46,JOR,0.00000006,0.00001831
2020,46,ISR,0.00000001,0.00000194
2020,46,S19,0.00000001,0.00000155
2020,46,Other,0.00000000,0.00000083
2020,47,USA,0.00000051,0.00083960
2020,47,URY,0.00000005,0.00008649
2020,47,ISR,0.00000001,0.00005804
2020,47,CHN,0.00000000,0.00000060
2020,47,DEU,0.00000000,0.00000007
2020,48,ISR,0.00005034,0.03245799
2020,48,TUR,0.00001455,0.00992603
2020,48,JOR,0.00001043,0.00436338
2020,48,HUN,0.00000682,0.00159084
2020,48,CHN,0.00000479,0.00200729
2020,48,Other,0.00002197,0.02134534
2020,49,ISR,0.00000153,0.00016176
2020,49,GBR,0.00000058,0.00004651
2020,49,FRA,0.00000053,0.00002969
2020,49,JOR,0.00000040,0.00002179
2020,49,EGY,0.00000024,0.00001784
2020,49,Other,0.00000068,0.00005551
2020,50,ISR,0.00000048,0.00056308
2020,50,CHN,0.00000001,0.00000274
2020,50,EGY,0.00000000,0.00000001
2020,51,EGY,0.00000003,0.00000038
2020,51,TUR,0.00000002,0.00000058
2020,51,JOR,0.00000001,0.00000729
2020,51,CHN,0.00000000,0.00000016
2020,51,ISR,0.00000000,0.00000006
2020,51,Other,0.00000000,0.00000000
2020,52,ISR,0.00000065,0.00005302
2020,52,CHN,0.00000019,0.00002103
2020,52,TUR,0.00000016,0.00004413
2020,52,IND,0.00000012,0.00002468
2020,52,DEU,0.00000006,0.00000264
2020,52,Other,0.00000005,0.00000433
2020,53,EGY,0.00000010,0.00003413
2020,53,IND,0.00000003,0.00004073
2020,53,CHN,0.00000003,0.00000444
2020,53,KEN,0.00000002,0.00002402
2020,53,GBR,0.00000001,0.00000930
2020,53,Other,0.00000001,0.00000481
2020,54,ISR,0.00000439,0.00070291
2020,54,CHN,0.00000435,0.00047377
2020,54,TUR,0.00000113,0.00013076
2020,54,EGY,0.00000015,0.00001558
2020,54,JOR,0.00000012,0.00002648
2020,54,Other,0.00000036,0.00007418
2020,55,THA,0.00000151,0.00135521
2020,55,CHN,0.00000088,0.00023890
2020,55,KOR,0.00000070,0.00060535
2020,55,VNM,0.00000042,0.00037301
2020,55,TUR,0.00000029,0.00003652
2020,55,Other,0.00000049,0.00027065
2020,56,ISR,0.00000106,0.00019024
2020,56,BGR,0.00000070,0.00007538
2020,56,ITA,0.00000060,0.00013806
2020,56,CHN,0.00000058,0.00009068
2020,56,TUR,0.00000048,0.00014210
2020,56,Other,0.00000063,0.00012493
2020,57,TUR,0.00000737,0.00183427
2020,57,CHN,0.00000081,0.00013471
2020,57,BEL,0.00000077,0.00016193
2020,57,ISR,0.00000029,0.00004304
2020,57,IND,0.00000019,0.00004323
2020,57,Other,0.00000031,0.00007529
2020,58,ISR,0.00000209,0.00011548
2020,58,CHN,0.00000081,0.00009252
2020,58,TUR,0.00000016,0.00001082
2020,58,ITA,0.00000014,0.00000934
2020,58,JOR,0.00000007,0.00000626
2020,58,Other,0.00000010,0.00000611
2020,59,ISR,0.00000092,0.00010811
2020,59,CHN,0.00000056,0.00020127
2020,59,TUR,0.00000014,0.00001753
2020,59,DEU,0.00000010,0.00001095
2020,59,ITA,0.00000007,0.00000586
2020,59,Other,0.00000013,0.00001034
2020,60,CHN,0.00000575,0.00057560
2020,60,ISR,0.00000491,0.00149392
2020,60,TUR,0.00000271,0.00034048
2020,60,HKG,0.00000018,0.00001786
2020,60,KOR,0.00000009,0.00001162
2020,60,Other,0.00000016,0.00002933
2020,61,TUR,0.00001056,0.00032435
2020,61,CHN,0.00000814,0.00028701
2020,61,ISR,0.00000296,0.00008839
2020,61,JOR,0.00000134,0.00003981
2020,61,BGD,0.00000041,0.00001263
2020,61,Other,0.00000226,0.00008598
2020,62,TUR,0.00001305,0.00034558
2020,62,CHN,0.00000952,0.00021021
2020,62,ISR,0.00000739,0.00020310
2020,62,EGY,0.00000174,0.00002216
2020,62,DNK,0.00000091,0.00004640
2020,62,Other,0.00000331,0.00008571
2020,63,CHN,0.00000901,0.00110023
2020,63,TUR,0.00000231,0.00024933
2020,63,IND,0.00000162,0.00056669
2020,63,ISR,0.00000137,0.00021749
2020,63,JOR,0.00000054,0.00003399
2020,63,Other,0.00000181,0.00013702
2020,64,ISR,0.00000889,0.00023069
2020,64,CHN,0.00000603,0.00020083
2020,64,TUR,0.00000296,0.00007869
2020,64,ITA,0.00000051,0.00001898
2020,64,IND,0.00000024,0.00000290
2020,64,Other,0.00000071,0.00002106
2020,65,CHN,0.00000030,0.00001511
2020,65,TUR,0.00000003,0.00000095
2020,65,HKG,0.00000002,0.00000043
2020,65,ISR,0.00000001,0.00000039
2020,65,ITA,0.00000000,0.00000007
2020,65,Other,0.00000001,0.00000035
2020,66,CHN,0.00000012,0.00001512
2020,66,ISR,0.00000004,0.00000632
2020,66,HKG,0.00000001,0.00000048
2020,66,IND,0.00000000,0.00000065
2020,66,NLD,0.00000000,0.00000123
2020,66,Other,0.00000000,0.00000019
2020,67,CHN,0.00000059,0.00006685
2020,67,TUR,0.00000007,0.00000838
2020,67,HKG,0.00000003,0.00000322
2020,67,ISR,0.00000002,0.00000304
2020,67,USA,0.00000001,0.00000182
2020,67,Other,0.00000002,0.00000044
2020,68,ISR,0.00000708,0.01709706
2020,68,CHN,0.00000515,0.00620897
2020,68,EGY,0.00000442,0.00977533
2020,68,OMN,0.00000381,0.01696769
2020,68,TUR,0.00000268,0.00374900
2020,68,Other,0.00000399,0.00402147
2020,69,CHN,0.00001390,0.01259452
2020,69,IND,0.00001005,0.01644628
2020,69,ISR,0.00000607,0.01262648
2020,69,ESP,0.00000598,0.00455177
2020,69,ITA,0.00000189,0.00399106
2020,69,Other,0.00000470,0.00571652
2020,70,ISR,0.00002200,0.03251813
2020,70,EGY,0.00000633,0.00371132
2020,70,CHN,0.00000471,0.00228319
2020,70,TUR,0.00000398,0.00596545
2020,70,BGR,0.00000165,0.00344730
2020,70,Other,0.00000368,0.00570126
2020,71,ISR,0.00001304,0.00924140
2020,71,EGY,0.00001266,0.00766581
2020,71,TUR,0.00000140,0.00063917
2020,71,CAN,0.00000125,0.00174340
2020,71,CHN,0.00000064,0.00005733
2020,71,Other,0.00000284,0.00240020
2020,72,TUR,0.00013912,0.15404295
2020,72,ISR,0.00003507,0.05400439
2020,72,UKR,0.00001158,0.01936659
2020,72,CHN,0.00000473,0.00500540
2020,72,CHE,0.00000221,0.00323676
2020,72,Other,0.00000800,0.01144990
2020,73,ISR,0.00002486,0.01045096
2020,73,TUR,0.00001954,0.01214729
2020,73,CHN,0.00000933,0.00275997
2020,73,JOR,0.00000277,0.00072917
2020,73,FRA,0.00000274,0.00198642
2020,73,Other,0.00000670,0.00193291
2020,74,ITA,0.00000106,0.00008187
2020,74,ISR,0.00000102,0.00011707
2020,74,CHN,0.00000077,0.00008107
2020,74,HKG,0.00000041,0.00002327
2020,74,EGY,0.00000025,0.00003199
2020,74,Other,0.00000060,0.00006525
2020,75,ISR,0.00000097,0.00002602
2020,75,DEU,0.00000002,0.00000026
2020,75,ARE,0.00000001,0.00000315
2020,75,CHN,0.00000001,0.00000022
2020,75,ITA,0.00000000,0.00000000
2020,75,Other,0.00000000,0.00000000
2020,76,JOR,0.00002496,0.00341349
2020,76,ISR,0.00001554,0.00413477
2020,76,CHN,0.00001106,0.00164342
2020,76,TUR,0.00000357,0.00061047
2020,76,SAU,0.00000118,0.00024096
2020,76,Other,0.00000733,0.00247269
2020,78,ISR,0.00000010,0.00002322
2020,78,TUR,0.00000007,0.00001779
2020,78,CHN,0.00000000,0.00000035
2020,78,USA,0.00000000,0.00000009
2020,79,CHN,0.00000010,0.00001363
2020,79,ISR,0.00000005,0.00001419
2020,79,HKG,0.00000003,0.00000292
2020,79,ITA,0.00000002,0.00000151
2020,79,OMN,0.00000000,0.00000040
2020,79,Other,0.00000000,0.00000012
2020,80,ISR,0.00011407,0.07926845
2020,80,EGY,0.00000477,0.00385823
2020,80,VNM,0.00000403,0.00054901
2020,80,ARE,0.00000136,0.00064142
2020,80,TUR,0.00000129,0.00015392
2020,80,Other,0.00000238,0.00050208
2020,81,ISR,0.00001093,0.00468563
2020,81,EGY,0.00000025,0.00009919
2020,81,THA,0.00000005,0.00000720
2020,81,TUR,0.00000005,0.00001310
2020,81,JOR,0.00000001,0.00000006
2020,81,Other,0.00000001,0.00000065
2020,82,ISR,0.00000553,0.00122273
2020,82,CHN,0.00000253,0.00023317
2020,82,DEU,0.00000065,0.00000913
2020,82,GRC,0.00000047,0.00001845
2020,82,ITA,0.00000041,0.00001661
2020,82,Other,0.00000226,0.00012538
2020,83,ISR,0.00001010,0.00166623
2020,83,CHN,0.00000412,0.00051505
2020,83,TUR,0.00000167,0.00022741
2020,83,ITA,0.00000074,0.00008966
2020,83,HKG,0.00000020,0.00002220
2020,83,Other,0.00000160,0.00023525
2020,84,ISR,0.00009162,0.00749485
2020,84,CHN,0.00005290,0.00490755
2020,84,TUR,0.00001688,0.00176280
2020,84,DEU,0.00001545,0.00058908
2020,84,JOR,0.00000913,0.00013519
2020,84,Other,0.00005574,0.00367031
2020,85,ISR,0.00016718,0.00521723
2020,85,CHN,0.00004745,0.00208507
2020,85,TUR,0.00001561,0.00162540
2020,85,JOR,0.00000590,0.00002604
2020,85,DEU,0.00000562,0.00020120
2020,85,Other,0.00004392,0.00173567
2020,86,ISR,0.00000053,0.00000000
2020,86,JOR,0.00000020,0.00000000
2020,86,ITA,0.00000002,0.00002448
2020,86,BGR,0.00000001,0.00000026
2020,86,TUR,0.00000001,0.00000000
2020,86,Other,0.00000000,0.00000001
2020,87,KOR,0.00004274,0.00426018
2020,87,ISR,0.00003746,0.00387477
2020,87,DEU,0.00003630,0.00305603
2020,87,USA,0.00001357,0.00115314
2020,87,ESP,0.00000921,0.00105466
2020,87,Other,0.00005816,0.00576323
2020,89,ITA,0.00000039,0.00000028
2020,90,ISR,0.00004233,0.00096768
2020,90,DEU,0.00001560,0.00036352
2020,90,BRA,0.00000862,0.00286163
2020,90,CHN,0.00000836,0.00075882
2020,90,USA,0.00000632,0.00004908
2020,90,Other,0.00005501,0.00678089
2020,91,ISR,0.00000269,0.00052142
2020,91,CHN,0.00000058,0.00005796
2020,91,IND,0.00000053,0.00019704
2020,91,TUR,0.00000036,0.00006243
2020,91,EGY,0.00000010,0.00001770
2020,91,Other,0.00000024,0.00002292
2020,92,ISR,0.00000027,0.00000634
2020,92,CHN,0.00000005,0.00000191
2020,92,EGY,0.00000002,0.00000037
2020,92,TUR,0.00000002,0.00000054
2020,92,GBR,0.00000001,0.00000039
2020,92,Other,0.00000002,0.00000039
2020,94,CHN,0.00001260,0.00164014
2020,94,ISR,0.00000488,0.00073365
2020,94,TUR,0.00000391,0.00045910
2020,94,JOR,0.00000172,0.00030493
2020,94,ITA,0.00000137,0.00023932
2020,94,Other,0.00000695,0.00107090
2020,95,ISR,0.00000597,0.00049232
2020,95,CHN,0.00000316,0.00031440
2020,95,ITA,0.00000128,0.00007207
2020,95,TUR,0.00000027,0.00002243
2020,95,HKG,0.00000022,0.00001804
2020,95,Other,0.00000028,0.00002983
2020,96,ISR,0.00000482,0.00034538
2020,96,CHN,0.00000324,0.00032205
2020,96,JOR,0.00000101,0.00007253
2020,96,TUR,0.00000073,0.00009013
2020,96,EGY,0.00000050,0.00009536
2020,96,Other,0.00000178,0.00010666
2020,97,GRC,0.00000003,0.00000001
2020,97,FRA,0.00000003,0.00000014
2020,97,USA,0.00000001,0.00000001
2020,97,JOR,0.00000000,0.00000000
2020,97,ISR,0.00000000,0.00000000
2020,97,Other,0.00000000,0.00000000
2021,10,ISR,0.00024958,0.17474747
2021,10,IND,0.00002648,0.02517299
2021,10,EGY,0.00002083,0.00630496
2021,10,BRA,0.00001353,0.05547938
2021,10,PRT,0.00001166,0.00346158
2021,10,Other,0.00005475,0.08373705
2021,11,ISR,0.00003533,0.06166322
2021,11,TUR,0.00001853,0.02573449
2021,11,UKR,0.00000696,0.01905117
2021,11,EGY,0.00000422,0.01174165
2021,11,DEU,0.00000242,0.00249600
2021,11,Other,0.00000333,0.00522672
2021,12,ISR,0.00003159,0.07371728
2021,12,EGY,0.00000375,0.00189934
2021,12,ETH,0.00000350,0.00038613
2021,12,NLD,0.00000141,0.00000682
2021,12,CHN,0.00000126,0.00059328
2021,12,Other,0.00000601,0.00266428
2021,13,ISR,0.00000017,0.00000824
2021,13,CHN,0.00000011,0.00000446
2021,13,GRC,0.00000008,0.00000000
2021,13,GBR,0.00000007,0.00000673
2021,13,ARE,0.00000004,0.00002436
2021,13,Other,0.00000013,0.00000554
2021,14,TUR,0.00000004,0.00003180
2021,14,EGY,0.00000003,0.00002490
2021,14,CHN,0.00000001,0.00000771
2021,14,VNM,0.00000001,0.00000047
2021,14,ISR,0.00000000,0.00000072
2021,15,ISR,0.00001950,0.01294652
2021,15,TUR,0.00001473,0.01003837
2021,15,EGY,0.00001303,0.00982283
2021,15,UKR,0.00000786,0.00517884
2021,15,MYS,0.00000231,0.00128055
2021,15,Other,0.00000741,0.00467184
2021,16,ISR,0.00001221,0.00242400
2021,16,THA,0.00000312,0.00030880
2021,16,BRA,0.00000104,0.00032987
2021,16,JPN,0.00000078,0.00012231
2021,16,PRT,0.00000050,0.00011659
2021,16,Other,0.00000095,0.00024343
2021,17,ISR,0.00003581,0.03864875
2021,17,MAR,0.00001160,0.02093723
2021,17,SAU,0.00000858,0.01734978
2021,17,EGY,0.00000633,0.00862909
2021,17,POL,0.00000547,0.00728952
2021,17,Other,0.00001832,0.01556866
2021,18,ISR,0.00006369,0.01028434
2021,18,TUR,0.00000875,0.00173994
2021,18,EGY,0.00000813,0.00126803
2021,18,ITA,0.00000764,0.00098639
2021,18,ARE,0.00000569,0.00150466
2021,18,Other,0.00001714,0.00335094
2021,19,TUR,0.00002364,0.01116458
2021,19,SGP,0.00002093,0.00266710
2021,19,ISR,0.00001671,0.00554033
2021,19,SAU,0.00001553,0.00795213
2021,19,ARE,0.00000962,0.00210352
2021,19,Other,0.00006990,0.01920655
2021,20,ISR,0.00009576,0.03799969
2021,20,BRA,0.00002657,0.00700171
2021,20,EGY,0.00001951,0.00904502
2021,20,JOR,0.00000873,0.00413379
2021,20,BEL,0.00000642,0.00152404
2021,20,Other,0.00003658,0.01367894
2021,21,ISR,0.00002280,0.00524829
2021,21,EGY,0.00000762,0.00261583
2021,21,JOR,0.00000426,0.00118629
2021,21,USA,0.00000294,0.00055379
2021,21,SAU,0.00000244,0.00075466
2021,21,Other,0.00001923,0.00357784
2021,22,ISR,0.00015004,0.07215991
2021,22,TUR,0.00000899,0.01765672
2021,22,JOR,0.00000830,0.00789386
2021,22,EGY,0.00000663,0.00667999
2021,22,SAU,0.00000579,0.00479948
2021,22,Other,0.00002163,0.02130069
2021,23,ISR,0.00044777,0.28292917
2021,23,EGY,0.00001005,0.00766170
2021,23,PRT,0.00000041,0.00111740
2021,23,ITA,0.00000035,0.00018813
2021,23,ESP,0.00000019,0.00010419
2021,23,Other,0.00000030,0.00016959
2021,24,CHE,0.00003122,0.00085835
2021,24,TUR,0.00002189,0.00213503
2021,24,ISR,0.00000930,0.00042828
2021,24,EGY,0.00000249,0.00020172
2021,24,ZWE,0.00000193,0.00036675
2021,24,Other,0.00000692,0.00077463
2021,25,ISR,0.00016564,1.56505012
2021,25,JOR,0.00006766,0.75532961
2021,25,EGY,0.00000384,0.06734160
2021,25,TUR,0.00000029,0.00088257
2021,25,ESP,0.00000013,0.00036300
2021,25,Other,0.00000036,0.00138232
2021,26,ISR,0.00000023,0.00072614
2021,26,NLD,0.00000007,0.00005100
2021,26,GBR,0.00000006,0.00005476
2021,27,ISR,0.00122770,0.72518240
2021,27,EGY,0.00008019,0.11156846
2021,27,JOR,0.00002678,0.00038643
2021,27,TUR,0.00000324,0.00207979
2021,27,DEU,0.00000253,0.00110346
2021,27,Other,0.00000840,0.00760059
2021,28,ISR,0.00000683,0.01375923
2021,28,TUR,0.00000142,0.00319782
2021,28,JOR,0.00000139,0.00132770
2021,28,CHN,0.00000080,0.00063326
2021,28,EGY,0.00000067,0.00040877
2021,28,Other,0.00000115,0.00103101
2021,29,ISR,0.00001185,0.00404497
2021,29,IND,0.00000563,0.00007126
2021,29,CHN,0.00000476,0.00061750
2021,29,HUN,0.00000330,0.00113365
2021,29,KOR,0.00000158,0.00049507
2021,29,Other,0.00000804,0.00156751
2021,30,ISR,0.00013475,0.00361161
2021,30,CHE,0.00003126,0.00006546
2021,30,BEL,0.00002383,0.00000560
2021,30,USA,0.00002028,0.00001045
2021,30,DEU,0.00001642,0.00339978
2021,30,Other,0.00010199,0.00229357
2021,31,ISR,0.00001090,0.01405450
2021,31,JOR,0.00000180,0.00129812
2021,31,TUR,0.00000101,0.00164057
2021,31,NLD,0.00000070,0.00155900
2021,31,ITA,0.00000043,0.00047880
2021,31,Other,0.00000180,0.00133086
2021,32,ISR,0.00002766,0.00475901
2021,32,JOR,0.00001239,0.00223148
2021,32,EGY,0.00000277,0.00085317
2021,32,DEU,0.00000167,0.00021533
2021,32,CHN,0.00000136,0.00022767
2021,32,Other,0.00000788,0.00162115
2021,33,ISR,0.00004164,0.00266862
2021,33,FRA,0.00001891,0.00105270
2021,33,ARE,0.00000893,0.00101884
2021,33,EGY,0.00000672,0.00083958
2021,33,ROU,0.00000530,0.00094587
2021,33,Other,0.00002243,0.00166621
2021,34,ISR,0.00003154,0.01138075
2021,34,JOR,0.00000385,0.00189162
2021,34,TUR,0.00000361,0.00087813
2021,34,EGY,0.00000278,0.00161997
2021,34,GBR,0.00000236,0.00110140
2021,34,Other,0.00001087,0.00562324
2021,35,ISR,0.00000633,0.00205036
2021,35,CHN,0.00000134,0.00024519
2021,35,TUR,0.00000104,0.00028790
2021,35,JOR,0.00000071,0.00023441
2021,35,ITA,0.00000063,0.00019574
2021,35,Other,0.00000127,0.00036008
2021,36,ISR,0.00000066,0.00000645
2021,36,DEU,0.00000014,0.00009365
2021,37,ISR,0.00000044,0.00003247
2021,37,CHN,0.00000024,0.00002784
2021,37,NLD,0.00000005,0.00000297
2021,37,BEL,0.00000005,0.00000139
2021,37,DEU,0.00000003,0.00000250
2021,37,Other,0.00000005,0.00000194
2021,38,ISR,0.00003087,0.00728593
2021,38,JOR,0.00000387,0.00157310
2021,38,GBR,0.00000361,0.00059387
2021,38,DEU,0.00000339,0.00025913
2021,38,FRA,0.00000244,0.00020478
2021,38,Other,0.00001527,0.00694609
2021,39,ISR,0.00007893,0.01796724
2021,39,SAU,0.00004577,0.01697901
2021,39,CHN,0.00002335,0.00516250
2021,39,USA,0.00001901,0.01073152
2021,39,TUR,0.00001857,0.00531303
2021,39,Other,0.00007676,0.02619790
2021,40,ISR,0.00011058,0.03306896
2021,40,EGY,0.00001653,0.00981494
2021,40,OMN,0.00000861,0.00208265
2021,40,CHN,0.00000707,0.00210116
2021,40,ESP,0.00000608,0.00143626
2021,40,Other,0.00003291,0.00865005
2021,41,ISR,0.00000737,0.00050001
2021,41,EGY,0.00000063,0.00000955
2021,41,TUR,0.00000003,0.00000161
2021,41,ITA,0.00000003,0.00000034
2021,41,CHN,0.00000001,0.00000001
2021,41,Other,0.00000003,0.00000122
2021,42,ISR,0.00000221,0.00004852
2021,42,CHN,0.00000206,0.00007766
2021,42,TUR,0.00000038,0.00001640
2021,42,IND,0.00000024,0.00000754
2021,42,HKG,0.00000013,0.00000364
2021,42,Other,0.00000029,0.00001060
2021,43,JOR,0.00000002,0.00000005
2021,43,CHN,0.00000000,0.00000002
2021,44,ISR,0.00014333,0.15155248
2021,44,CHN,0.00001852,0.01392008
2021,44,TUR,0.00000380,0.00379212
2021,44,EGY,0.00000374,0.00435560
2021,44,ROU,0.00000343,0.00496642
2021,44,Other,0.00001647,0.01961822
2021,45,ISR,0.00000049,0.00006699
2021,45,CHN,0.00000000,0.00000061
2021,45,TUR,0.00000000,0.00000025
2021,45,DEU,0.00000000,0.00000003
2021,45,GRC,0.00000000,0.00000000
2021,45,Other,0.00000000,0.00000003
2021,46,EGY,0.00000011,0.00001816
2021,46,CHN,0.00000007,0.00000672
2021,46,JOR,0.00000004,0.00000981
2021,46,PHL,0.00000001,0.00000187
2021,46,HKG,0.00000001,0.00000136
2021,46,Other,0.00000001,0.00000116
2021,47,USA,0.00000052,0.00064275
2021,47,ISR,0.00000001,0.00004504
2021,47,TUR,0.00000000,0.00000061
2021,47,ITA,0.00000000,0.00000004
2021,48,ISR,0.00005872,0.03573323
2021,48,TUR,0.00000917,0.00311812
2021,48,JOR,0.00000735,0.00333798
2021,48,HUN,0.00000669,0.00111203
2021,48,EGY,0.00000660,0.00525624
2021,48,Other,0.00002685,0.01970363
2021,49,FRA,0.00000221,0.00001838
2021,49,ISR,0.00000179,0.00015875
2021,49,GBR,0.00000054,0.00003863
2021,49,EGY,0.00000048,0.00003453
2021,49,JOR,0.00000035,0.00002147
2021,49,Other,0.00000080,0.00006120
2021,50,ISR,0.00000037,0.00002912
2021,50,EGY,0.00000002,0.00000000
2021,50,CHN,0.00000001,0.00000000
2021,50,TUR,0.00000000,0.00000000
2021,50,ARE,0.00000000,0.00000000
2021,51,EGY,0.00000011,0.00000005
2021,51,ISR,0.00000003,0.00000801
2021,51,BEL,0.00000001,0.00000000
2021,51,DNK,0.00000001,0.00000022
2021,51,CHN,0.00000001,0.00000018
2021,51,Other,0.00000001,0.00000026
2021,52,CHN,0.00000028,0.00003324
2021,52,ISR,0.00000026,0.00007807
2021,52,TUR,0.00000022,0.00004868
2021,52,IND,0.00000016,0.00004123
2021,52,DEU,0.00000003,0.00000130
2021,52,Other,0.00000006,0.00001703
2021,53,CHN,0.00000010,0.00001163
2021,53,IND,0.00000010,0.00000000
2021,53,KEN,0.00000004,0.00002554
2021,53,EGY,0.00000003,0.00000898
2021,53,TZA,0.00000001,0.00000816
2021,53,Other,0.00000000,0.00000051
2021,54,CHN,0.00000452,0.00034853
2021,54,ISR,0.00000281,0.00035264
2021,54,TUR,0.00000146,0.00012114
2021,54,JOR,0.00000032,0.00003926
2021,54,EGY,0.00000023,0.00001644
2021,54,Other,0.00000071,0.00021087
2021,55,KOR,0.00000189,0.00137893
2021,55,THA,0.00000119,0.00086919
2021,55,VNM,0.00000092,0.00067341
2021,55,CHN,0.00000069,0.00019143
2021,55,TUR,0.00000028,0.00008226
2021,55,Other,0.00000087,0.00047754
2021,56,TUR,0.00000137,0.00029869
2021,56,CHN,0.00000082,0.00011326
2021,56,BGR,0.00000080,0.00007780
2021,56,ISR,0.00000040,0.00006681
2021,56,ITA,0.00000029,0.00007328
2021,56,Other,0.00000048,0.00009781
2021,57,TUR,0.00000723,0.00127132
2021,57,BEL,0.00000143,0.00026647
2021,57,CHN,0.00000082,0.00012336
2021,57,ISR,0.00000064,0.00008733
2021,57,EGY,0.00000037,0.00003768
2021,57,Other,0.00000069,0.00014103
2021,58,ISR,0.00000207,0.00000284
2021,58,CHN,0.00000153,0.00017048
2021,58,EGY,0.00000026,0.00003474
2021,58,ITA,0.00000025,0.00001665
2021,58,TUR,0.00000021,0.00001222
2021,58,Other,0.00000030,0.00001473
2021,59,ISR,0.00000115,0.00007048
2021,59,CHN,0.00000084,0.00009703
2021,59,DEU,0.00000016,0.00001658
2021,59,TUR,0.00000013,0.00001302
2021,59,ITA,0.00000012,0.00000778
2021,59,Other,0.00000015,0.00004696
2021,60,ISR,0.00000766,0.00214773
2021,60,CHN,0.00000685,0.00071923
2021,60,TUR,0.00000436,0.00048887
2021,60,EGY,0.00000097,0.00020297
2021,60,JOR,0.00000033,0.00002528
2021,60,Other,0.00000058,0.00008943
2021,61,CHN,0.00001207,0.00043968
2021,61,TUR,0.00001108,0.00028543
2021,61,ISR,0.00000386,0.00012326
2021,61,JOR,0.00000332,0.00009994
2021,61,EGY,0.00000042,0.00001580
2021,61,Other,0.00000311,0.00012135
2021,62,TUR,0.00001051,0.00018060
2021,62,ISR,0.00000997,0.00021728
2021,62,CHN,0.00000976,0.00020647
2021,62,EGY,0.00000413,0.00035367
2021,62,JOR,0.00000213,0.00003536
2021,62,Other,0.00000313,0.00013664
2021,63,CHN,0.00000825,0.00072638
2021,63,TUR,0.00000310,0.00026201
2021,63,IND,0.00000217,0.00066311
2021,63,ISR,0.00000179,0.00069531
2021,63,JOR,0.00000065,0.00006012
2021,63,Other,0.00000137,0.00017481
2021,64,ISR,0.00001609,0.00037696
2021,64,CHN,0.00000643,0.00023048
2021,64,TUR,0.00000216,0.00005184
2021,64,ITA,0.00000106,0.00001823
2021,64,BRA,0.00000014,0.00000793
2021,64,Other,0.00000073,0.00003205
2021,65,CHN,0.00000042,0.00001189
2021,65,TUR,0.00000007,0.00000067
2021,65,ISR,0.00000003,0.00000071
2021,65,ARE,0.00000002,0.00000011
2021,65,HKG,0.00000002,0.00000036
2021,65,Other,0.00000003,0.00000046
2021,66,CHN,0.00000018,0.00001476
2021,66,ISR,0.00000010,0.00001657
2021,66,HKG,0.00000003,0.00000381
2021,66,TUR,0.00000001,0.00000195
2021,66,ARE,0.00000000,0.00000080
2021,66,Other,0.00000001,0.00000077
2021,67,CHN,0.00000124,0.00009459
2021,67,TUR,0.00000025,0.00003041
2021,67,HKG,0.00000007,0.00000812
2021,67,JOR,0.00000003,0.00000009
2021,67,ISR,0.00000003,0.00000320
2021,67,Other,0.00000003,0.00000073
2021,68,EGY,0.00000864,0.01693057
2021,68,ISR,0.00000844,0.01827839
2021,68,CHN,0.00000543,0.00539485
2021,68,TUR,0.00000523,0.00775992
2021,68,OMN,0.00000309,0.00935879
2021,68,Other,0.00000401,0.00428165
2021,69,IND,0.00002203,0.07162310
2021,69,ISR,0.00001086,0.00856346
2021,69,EGY,0.00001064,0.02049149
2021,69,ESP,0.00001005,0.01432450
2021,69,CHN,0.00000944,0.00863012
2021,69,Other,0.00000816,0.01932054
2021,70,ISR,0.00002388,0.03297057
2021,70,EGY,0.00000860,0.00431888
2021,70,SAU,0.00000860,0.01646081
2021,70,CHN,0.00000581,0.00304236
2021,70,TUR,0.00000335,0.00244859
2021,70,Other,0.00000467,0.00547999
2021,71,EGY,0.00001640,0.01066857
2021,71,ISR,0.00001580,0.01041536
2021,71,TUR,0.00000184,0.00129306
2021,71,CAN,0.00000133,0.00142758
2021,71,CHN,0.00000110,0.00011917
2021,71,Other,0.00000417,0.00404487
2021,72,TUR,0.00019259,0.16057095
2021,72,ISR,0.00005062,0.04879438
2021,72,CHN,0.00001752,0.01216082
2021,72,JOR,0.00001280,0.01465620
2021,72,UKR,0.00000640,0.00703367
2021,72,Other,0.00000914,0.00834421
2021,73,ISR,0.00003652,0.00847659
2021,73,TUR,0.00001846,0.00886773
2021,73,CHN,0.00001377,0.00256510
2021,73,JOR,0.00000391,0.00165775
2021,73,EGY,0.00000237,0.00062173
2021,73,Other,0.00000817,0.00270093
2021,74,CHN,0.00000185,0.00017737
2021,74,ISR,0.00000122,0.00010751
2021,74,EGY,0.00000038,0.00003924
2021,74,TUR,0.00000038,0.00002956
2021,74,ITA,0.00000034,0.00000718
2021,74,Other,0.00000052,0.00003741
2021,75,ISR,0.00000080,0.00001041
2021,75,DEU,0.00000002,0.00000029
2021,75,ARE,0.00000001,0.00000185
2021,75,TUR,0.00000000,0.00000001
2021,75,SWE,0.00000000,0.00000000
2021,75,Other,0.00000000,0.00000000
2021,76,JOR,0.00003489,0.00397390
2021,76,ISR,0.00002476,0.00535385
2021,76,CHN,0.00001118,0.00173057
2021,76,TUR,0.00000626,0.00107695
2021,76,RUS,0.00000605,0.00235316
2021,76,Other,0.00001617,0.00416838
2021,78,ISR,0.00000003,0.00000000
2021,78,DEU,0.00000002,0.00000051
2021,78,TUR,0.00000001,0.00000230
2021,78,USA,0.00000001,0.00000168
2021,78,CHN,0.00000000,0.00000075
2021,79,CHN,0.00000013,0.00001709
2021,79,ISR,0.00000010,0.00002482
2021,79,ITA,0.00000000,0.00000048
2021,79,FRA,0.00000000,0.00000003
2021,79,BEL,0.00000000,0.00000003
2021,79,Other,0.00000000,0.00000000
2021,80,ISR,0.00013394,0.08138379
2021,80,VNM,0.00000721,0.00098153
2021,80,EGY,0.00000617,0.00483369
2021,80,ARE,0.00000171,0.00081371
2021,80,USA,0.00000138,0.00016425
2021,80,Other,0.00000282,0.00058794
2021,81,ISR,0.00001162,0.00483476
2021,81,EGY,0.00000070,0.00028505
2021,81,IND,0.00000005,0.00000632
2021,81,TUR,0.00000004,0.00000764
2021,81,AUT,0.00000004,0.00000024
2021,81,Other,0.00000012,0.00002081
2021,82,ISR,0.00000610,0.00114406
2021,82,CHN,0.00000417,0.00037414
2021,82,DEU,0.00000073,0.00001161
2021,82,ITA,0.00000069,0.00002295
2021,82,GRC,0.00000066,0.00001595
2021,82,Other,0.00000338,0.00015073
2021,83,ISR,0.00001164,0.00178962
2021,83,CHN,0.00000713,0.00079491
2021,83,TUR,0.00000246,0.00028169
2021,83,ITA,0.00000114,0.00008881
2021,83,KWT,0.00000066,0.00010142
2021,83,Other,0.00000237,0.00030624
2021,84,ISR,0.00012547,0.01087465
2021,84,CHN,0.00005772,0.00635136
2021,84,TUR,0.00001857,0.00193064
2021,84,DEU,0.00001759,0.00044337
2021,84,ITA,0.00001118,0.00066097
2021,84,Other,0.00006082,0.00443502
2021,85,ISR,0.00022532,0.00676627
2021,85,CHN,0.00006365,0.00216793
2021,85,ARE,0.00002444,0.00007625
2021,85,TUR,0.00001639,0.00206342
2021,85,ITA,0.00000741,0.00042857
2021,85,Other,0.00005049,0.00248890
2021,86,JOR,0.00000177,0.00079102
2021,86,ISR,0.00000018,0.00008206
2021,86,ITA,0.00000001,0.00000000
2021,86,POL,0.00000000,0.00000000
2021,86,CHN,0.00000000,0.00000000
2021,87,KOR,0.00006598,0.00568918
2021,87,ISR,0.00005139,0.00492801
2021,87,DEU,0.00004730,0.00425631
2021,87,CZE,0.00002954,0.00238695
2021,87,USA,0.00001959,0.00170582
2021,87,Other,0.00014487,0.01364150
2021,88,BRA,0.00000009,0.00000004
2021,89,ITA,0.00000010,0.00000266
2021,89,FRA,0.00000000,0.00000010
2021,89,CHN,0.00000000,0.00000000
2021,90,ISR,0.00005167,0.00150390
2021,90,DEU,0.00001523,0.00035511
2021,90,CHN,0.00001077,0.00053257
2021,90,USA,0.00000771,0.00003990
2021,90,COL,0.00000724,0.00204831
2021,90,Other,0.00006440,0.00711439
2021,91,ISR,0.00000345,0.00059595
2021,91,IND,0.00000089,0.00027972
2021,91,CHN,0.00000083,0.00000726
2021,91,TUR,0.00000037,0.00003697
2021,91,EGY,0.00000014,0.00002708
2021,91,Other,0.00000037,0.00004091
2021,92,ISR,0.00000048,0.00000997
2021,92,EGY,0.00000004,0.00000109
2021,92,CHN,0.00000002,0.00000037
2021,92,TUR,0.00000002,0.00000033
2021,92,ITA,0.00000001,0.00000064
2021,92,Other,0.00000001,0.00000029
2021,94,CHN,0.00001649,0.00190952
2021,94,TUR,0.00000747,0.00078997
2021,94,ISR,0.00000738,0.00094017
2021,94,JOR,0.00000208,0.00035137
2021,94,EGY,0.00000129,0.00031651
2021,94,Other,0.00000801,0.00108068
2021,95,ISR,0.00001358,0.00105863
2021,95,CHN,0.00000245,0.00022484
2021,95,TUR,0.00000078,0.00006284
2021,95,JOR,0.00000008,0.00000442
2021,95,HKG,0.00000005,0.00000535
2021,95,Other,0.00000019,0.00001818
2021,96,CHN,0.00000436,0.00038563
2021,96,ISR,0.00000365,0.00024636
2021,96,TUR,0.00000112,0.00012734
2021,96,JOR,0.00000097,0.00009084
2021,96,EGY,0.00000086,0.00012495
2021,96,Other,0.00000211,0.00015307
2021,97,ISR,0.00000001,0.00000000
2021,97,TUR,0.00000000,0.00000000
2021,97,CHN,0.00000000,0.00000000
2021,97,GBR,0.00000000,0.00000000
2022,10,ISR,0.00022015,0.09380229
2022,10,IND,0.00003534,0.03064601
2022,10,EGY,0.00002830,0.00797148
2022,10,RUS,0.00001850,0.00136625
2022,10,PRT,0.00001493,0.00354974
2022,10,Other,0.00003143,0.01138309
2022,11,ISR,0.00003656,0.05336322
2022,11,TUR,0.00002755,0.05970319
2022,11,UKR,0.00000324,0.00885842
2022,11,EGY,0.00000294,0.00633126
2022,11,RUS,0.00000088,0.00125313
2022,11,Other,0.00000225,0.00274274
2022,12,ISR,0.00002967,0.06730100
2022,12,ETH,0.00000769,0.00343960
2022,12,EGY,0.00000514,0.00261388
2022,12,IND,0.00000124,0.00043863
2022,12,NLD,0.00000122,0.00000726
2022,12,Other,0.00000614,0.00200188
2022,13,CHN,0.00000013,0.00000466
2022,13,ISR,0.00000013,0.00000807
2022,13,GRC,0.00000010,0.00000014
2022,13,DEU,0.00000008,0.00000028
2022,13,JOR,0.00000007,0.00001189
2022,13,Other,0.00000025,0.00002463
2022,14,CHN,0.00000006,0.00004500
2022,14,EGY,0.00000003,0.00002966
2022,14,ISR,0.00000003,0.00001908
2022,14,TUR,0.00000002,0.00001979
2022,14,MYS,0.00000002,0.00000000
2022,14,Other,0.00000003,0.00000199
2022,15,TUR,0.00003541,0.01885800
2022,15,ISR,0.00001620,0.00845448
2022,15,EGY,0.00001525,0.00750615
2022,15,UKR,0.00000630,0.00384664
2022,15,MYS,0.00000343,0.00163737
2022,15,Other,0.00001406,0.00645293
2022,16,ISR,0.00001836,0.00361337
2022,16,THA,0.00000547,0.00059904
2022,16,BRA,0.00000251,0.00074370
2022,16,JPN,0.00000082,0.00015843
2022,16,EGY,0.00000080,0.00016026
2022,16,Other,0.00000122,0.00023791
2022,17,SAU,0.00004537,0.05106768
2022,17,ISR,0.00003119,0.03491948
2022,17,EGY,0.00001832,0.04040935
2022,17,POL,0.00000739,0.00307527
2022,17,TUR,0.00000523,0.00261634
2022,17,Other,0.00001853,0.00582730
2022,18,ISR,0.00006553,0.01027199
2022,18,EGY,0.00000919,0.00139367
2022,18,ITA,0.00000785,0.00109515
2022,18,NLD,0.00000543,0.00096174
2022,18,TUR,0.00000540,0.00128381
2022,18,Other,0.00001987,0.00394383
2022,19,SGP,0.00002548,0.00293210
2022,19,TUR,0.00002398,0.00918024
2022,19,SAU,0.00001893,0.00900580
2022,19,ISR,0.00001632,0.00536070
2022,19,ARE,0.00001399,0.00253756
2022,19,Other,0.00007676,0.01976818
2022,20,ISR,0.00005670,0.02383164
2022,20,BRA,0.00002654,0.00618488
2022,20,EGY,0.00002459,0.01032677
2022,20,JOR,0.00000894,0.00318318
2022,20,POL,0.00000697,0.00163044
2022,20,Other,0.00003853,0.01381669
2022,21,ISR,0.00002066,0.00477550
2022,21,EGY,0.00000691,0.00257120
2022,21,JOR,0.00000522,0.00151077
2022,21,CAN,0.00000276,0.00000969
2022,21,USA,0.00000241,0.00051996
2022,21,Other,0.00001885,0.00408376
2022,22,ISR,0.00015582,0.07312085
2022,22,POL,0.00001970,0.01897025
2022,22,JOR,0.00000577,0.00651819
2022,22,NLD,0.00000548,0.00498875
2022,22,SAU,0.00000513,0.00408416
2022,22,Other,0.00002043,0.01649327
2022,23,ISR,0.00051328,0.30515503
2022,23,EGY,0.00000555,0.00416140
2022,23,ESP,0.00000051,0.00025992
2022,23,PRT,0.00000051,0.00115442
2022,23,TUR,0.00000021,0.00009390
2022,23,Other,0.00000057,0.00028398
2022,24,CHE,0.00005029,0.00243535
2022,24,TUR,0.00001642,0.00086562
2022,24,ISR,0.00000281,0.00008959
2022,24,DEU,0.00000280,0.00022192
2022,24,POL,0.00000222,0.00037696
2022,24,Other,0.00000970,0.00099776
2022,25,ISR,0.00014764,1.23208642
2022,25,JOR,0.00009616,0.95127108
2022,25,EGY,0.00000832,0.12644379
2022,25,TUR,0.00000068,0.00188497
2022,25,ESP,0.00000017,0.00035035
2022,25,Other,0.00000033,0.00376616
2022,26,ISR,0.00000751,0.01687817
2022,26,NLD,0.00000006,0.00002600
2022,26,PAK,0.00000004,0.00023000
2022,26,GBR,0.00000004,0.00002952
2022,27,ISR,0.00198633,0.58209455
2022,27,EGY,0.00014249,0.11460765
2022,27,QAT,0.00007958,0.04266258
2022,27,JOR,0.00002288,0.00009133
2022,27,DEU,0.00000305,0.00097314
2022,27,Other,0.00001409,0.01034806
2022,28,ISR,0.00000433,0.00535470
2022,28,TUR,0.00000179,0.00339368
2022,28,JOR,0.00000153,0.00147050
2022,28,EGY,0.00000079,0.00025753
2022,28,CHN,0.00000071,0.00060129
2022,28,Other,0.00000167,0.00133921
2022,29,CHN,0.00000947,0.00179525
2022,29,HUN,0.00000681,0.00216899
2022,29,ISR,0.00000599,0.00172599
2022,29,IND,0.00000527,0.00006934
2022,29,DEU,0.00000133,0.00043163
2022,29,Other,0.00000744,0.00123912
2022,30,ISR,0.00012746,0.00476356
2022,30,CHE,0.00003917,0.00006292
2022,30,DEU,0.00001920,0.00392027
2022,30,RUS,0.00001350,0.00000000
2022,30,USA,0.00001042,0.00000674
2022,30,Other,0.00008333,0.00180340
2022,31,ISR,0.00001959,0.00495984
2022,31,JOR,0.00000247,0.00145048
2022,31,CHN,0.00000080,0.00136242
2022,31,ESP,0.00000061,0.00022996
2022,31,ITA,0.00000047,0.00042243
2022,31,Other,0.00000132,0.00084546
2022,32,ISR,0.00002048,0.00331025
2022,32,JOR,0.00001458,0.00244737
2022,32,EGY,0.00000327,0.00085006
2022,32,CHN,0.00000270,0.00049584
2022,32,TUR,0.00000167,0.00030989
2022,32,Other,0.00000904,0.00147186
2022,33,ISR,0.00003136,0.00183800
2022,33,FRA,0.00002020,0.00103288
2022,33,ARE,0.00001077,0.00095590
2022,33,EGY,0.00000686,0.00078373
2022,33,ROU,0.00000509,0.00086063
2022,33,Other,0.00002889,0.00177130
2022,34,TUR,0.00002099,0.01120795
2022,34,ISR,0.00001742,0.00557702
2022,34,JOR,0.00000464,0.00194061
2022,34,GBR,0.00000387,0.00206032
2022,34,EGY,0.00000248,0.00150498
2022,34,Other,0.00001037,0.00455852
2022,35,ISR,0.00000441,0.00114359
2022,35,CHN,0.00000122,0.00029272
2022,35,JOR,0.00000057,0.00014354
2022,35,TUR,0.00000055,0.00006262
2022,35,CHE,0.00000055,0.00010810
2022,35,Other,0.00000152,0.00038643
2022,36,ISR,0.00000119,0.00004226
2022,36,FIN,0.00000005,0.00001946
2022,36,CHN,0.00000000,0.00000023
2022,36,HUN,0.00000000,0.00000000
2022,37,ISR,0.00000041,0.00003593
2022,37,CHN,0.00000018,0.00001855
2022,37,DEU,0.00000005,0.00000168
2022,37,JPN,0.00000004,0.00000131
2022,37,BEL,0.00000003,0.00000046
2022,37,Other,0.00000004,0.00000104
2022,38,ISR,0.00003530,0.00793440
2022,38,JOR,0.00001141,0.00773254
2022,38,FRA,0.00000374,0.00021289
2022,38,DEU,0.00000284,0.00010563
2022,38,USA,0.00000268,0.00012995
2022,38,Other,0.00001981,0.00529660
2022,39,ISR,0.00006577,0.01320541
2022,39,SAU,0.00004174,0.01676594
2022,39,USA,0.00002534,0.01431647
2022,39,CHN,0.00002515,0.00556004
2022,39,JOR,0.00002159,0.00543844
2022,39,Other,0.00008496,0.02542059
2022,40,ISR,0.00011653,0.02434159
2022,40,EGY,0.00002325,0.01287933
2022,40,ESP,0.00000919,0.00009899
2022,40,CHN,0.00000743,0.00150582
2022,40,NLD,0.00000611,0.00095789
2022,40,Other,0.00003985,0.00992599
2022,41,ISR,0.00000568,0.00034972
2022,41,EGY,0.00000013,0.00001031
2022,41,TUR,0.00000006,0.00000267
2022,41,ITA,0.00000003,0.00000047
2022,41,PAK,0.00000002,0.00000105
2022,41,Other,0.00000004,0.00000130
2022,42,CHN,0.00000332,0.00012234
2022,42,ISR,0.00000275,0.00009991
2022,42,TUR,0.00000038,0.00000400
2022,42,IND,0.00000020,0.00000506
2022,42,HKG,0.00000009,0.00000223
2022,42,Other,0.00000041,0.00000768
2022,43,S19,0.00000000,0.00000000
2022,43,CHN,0.00000000,0.00000000
2022,43,PRT,0.00000000,0.00000002
2022,43,EGY,0.00000000,0.00000000
2022,43,TUR,0.00000000,0.00000000
2022,44,ISR,0.00013686,0.12035781
2022,44,CHN,0.00001750,0.00620640
2022,44,ROU,0.00000379,0.00508097
2022,44,EGY,0.00000342,0.00408249
2022,44,TUR,0.00000309,0.00215762
2022,44,Other,0.00001852,0.01699127
2022,45,ISR,0.00000020,0.00002497
2022,45,TUR,0.00000001,0.00000103
2022,45,CHN,0.00000000,0.00000021
2022,45,ARE,0.00000000,0.00000005
2022,45,DEU,0.00000000,0.00000001
2022,46,CHN,0.00000013,0.00001758
2022,46,EGY,0.00000010,0.00001568
2022,46,JOR,0.00000010,0.00001193
2022,46,ISR,0.00000001,0.00000097
2022,46,IND,0.00000001,0.00000069
2022,46,Other,0.00000001,0.00000158
2022,47,USA,0.00000033,0.00035328
2022,47,CHN,0.00000002,0.00001205
2022,47,HUN,0.00000001,0.00000780
2022,47,ISR,0.00000000,0.00000911
2022,47,DEU,0.00000000,0.00000001
2022,48,ISR,0.00006407,0.02726422
2022,48,JOR,0.00001193,0.00572949
2022,48,CHN,0.00001065,0.00378943
2022,48,EGY,0.00000955,0.00705351
2022,48,HUN,0.00000699,0.00017429
2022,48,Other,0.00003725,0.02384010
2022,49,ISR,0.00000154,0.00013583
2022,49,JOR,0.00000046,0.00002544
2022,49,EGY,0.00000043,0.00002761
2022,49,CHN,0.00000033,0.00001946
2022,49,FRA,0.00000030,0.00000027
2022,49,Other,0.00000081,0.00005420
2022,50,ISR,0.00000110,0.00000006
2022,50,CHN,0.00000004,0.00000001
2022,50,EGY,0.00000000,0.00000003
2022,50,THA,0.00000000,0.00000000
2022,50,ARE,0.00000000,0.00000000
2022,51,EGY,0.00000020,0.00000370
2022,51,ITA,0.00000002,0.00000000
2022,51,ESP,0.00000001,0.00000000
2022,51,CHN,0.00000000,0.00000006
2022,51,TUR,0.00000000,0.00000009
2022,51,Other,0.00000001,0.00000044
2022,52,EGY,0.00000066,0.00006607
2022,52,ISR,0.00000050,0.00002306
2022,52,CHN,0.00000035,0.00002964
2022,52,IND,0.00000032,0.00005995
2022,52,TUR,0.00000025,0.00005738
2022,52,Other,0.00000009,0.00000605
2022,53,CHN,0.00000004,0.00002045
2022,53,TUR,0.00000003,0.00001132
2022,53,IND,0.00000002,0.00001623
2022,53,EGY,0.00000002,0.00000581
2022,53,KEN,0.00000002,0.00001034
2022,53,Other,0.00000002,0.00000856
2022,54,CHN,0.00000469,0.00035745
2022,54,ISR,0.00000244,0.00028132
2022,54,TUR,0.00000192,0.00019709
2022,54,JOR,0.00000028,0.00002955
2022,54,IND,0.00000023,0.00007363
2022,54,Other,0.00000086,0.00018721
2022,55,IND,0.00000162,0.00092858
2022,55,THA,0.00000161,0.00101893
2022,55,KOR,0.00000152,0.00096636
2022,55,CHN,0.00000133,0.00041257
2022,55,VNM,0.00000053,0.00033308
2022,55,Other,0.00000080,0.00022654
2022,56,CHN,0.00000091,0.00012587
2022,56,BGR,0.00000085,0.00008264
2022,56,TUR,0.00000065,0.00009191
2022,56,ISR,0.00000050,0.00007770
2022,56,ITA,0.00000017,0.00003488
2022,56,Other,0.00000053,0.00007768
2022,57,TUR,0.00000227,0.00016814
2022,57,CHN,0.00000174,0.00031920
2022,57,ISR,0.00000050,0.00010368
2022,57,JOR,0.00000041,0.00006363
2022,57,BEL,0.00000039,0.00007759
2022,57,Other,0.00000097,0.00018585
2022,58,CHN,0.00000186,0.00015648
2022,58,ISR,0.00000078,0.00000304
2022,58,TUR,0.00000033,0.00001827
2022,58,ITA,0.00000017,0.00001016
2022,58,JOR,0.00000007,0.00000327
2022,58,Other,0.00000010,0.00000475
2022,59,CHN,0.00000107,0.00010822
2022,59,ISR,0.00000104,0.00006740
2022,59,TUR,0.00000020,0.00001804
2022,59,DEU,0.00000013,0.00000921
2022,59,ITA,0.00000009,0.00000492
2022,59,Other,0.00000017,0.00001596
2022,60,CHN,0.00000641,0.00051073
2022,60,ISR,0.00000540,0.00158132
2022,60,TUR,0.00000358,0.00037716
2022,60,EGY,0.00000091,0.00014618
2022,60,IND,0.00000070,0.00005533
2022,60,Other,0.00000109,0.00010414
2022,61,CHN,0.00001340,0.00047139
2022,61,TUR,0.00001208,0.00028549
2022,61,JOR,0.00000493,0.00012152
2022,61,ISR,0.00000344,0.00010193
2022,61,BGD,0.00000163,0.00004064
2022,61,Other,0.00000391,0.00014615
2022,62,TUR,0.00001611,0.00032655
2022,62,CHN,0.00001115,0.00024335
2022,62,ISR,0.00000804,0.00018196
2022,62,EGY,0.00000472,0.00023754
2022,62,JOR,0.00000276,0.00005358
2022,62,Other,0.00000566,0.00024799
2022,63,CHN,0.00000839,0.00074987
2022,63,TUR,0.00000354,0.00034455
2022,63,IND,0.00000256,0.00066496
2022,63,ISR,0.00000147,0.00027017
2022,63,JOR,0.00000056,0.00004266
2022,63,Other,0.00000154,0.00020162
2022,64,ISR,0.00001606,0.00032050
2022,64,CHN,0.00000720,0.00024911
2022,64,TUR,0.00000205,0.00004895
2022,64,ITA,0.00000064,0.00001754
2022,64,HKG,0.00000019,0.00000717
2022,64,Other,0.00000075,0.00003835
2022,65,CHN,0.00000067,0.00002111
2022,65,TUR,0.00000012,0.00000238
2022,65,ISR,0.00000009,0.00000033
2022,65,ARE,0.00000004,0.00000138
2022,65,JOR,0.00000002,0.00000000
2022,65,Other,0.00000008,0.00000020
2022,66,CZE,0.00000018,0.00002627
2022,66,CHN,0.00000015,0.00001352
2022,66,ISR,0.00000004,0.00000538
2022,66,TUR,0.00000002,0.00000211
2022,66,HKG,0.00000001,0.00000182
2022,66,Other,0.00000001,0.00000053
2022,67,CHN,0.00000148,0.00009012
2022,67,TUR,0.00000026,0.00002580
2022,67,BRA,0.00000006,0.00000018
2022,67,HKG,0.00000003,0.00000337
2022,67,THA,0.00000003,0.00000276
2022,67,Other,0.00000005,0.00000212
2022,68,EGY,0.00000884,0.01477044
2022,68,CHN,0.00000759,0.00644861
2022,68,ISR,0.00000592,0.00914837
2022,68,TUR,0.00000462,0.00491572
2022,68,IND,0.00000303,0.00334287
2022,68,Other,0.00000638,0.00676457
2022,69,IND,0.00003965,0.00048141
2022,69,EGY,0.00001691,0.03337445
2022,69,CHN,0.00001368,0.00310879
2022,69,ESP,0.00000907,0.00163969
2022,69,ISR,0.00000861,0.00864545
2022,69,Other,0.00001355,0.03018790
2022,70,ISR,0.00002374,0.02912524
2022,70,EGY,0.00001759,0.01049433
2022,70,TUR,0.00001246,0.01298180
2022,70,CHN,0.00000815,0.00377128
2022,70,SAU,0.00000778,0.00934110
2022,70,Other,0.00000548,0.00423229
2022,71,EGY,0.00001214,0.00897638
2022,71,ISR,0.00000771,0.00532722
2022,71,CAN,0.00000276,0.00241206
2022,71,TUR,0.00000134,0.00083630
2022,71,CHN,0.00000132,0.00009279
2022,71,Other,0.00000426,0.00295954
2022,72,TUR,0.00020117,0.13442142
2022,72,JOR,0.00006084,0.05319304
2022,72,EGY,0.00005051,0.05272506
2022,72,ISR,0.00004574,0.04115486
2022,72,CHN,0.00001824,0.01171211
2022,72,Other,0.00002755,0.02463061
2022,73,ISR,0.00002748,0.00362022
2022,73,TUR,0.00001907,0.00859593
2022,73,CHN,0.00001776,0.00325536
2022,73,JOR,0.00001036,0.00289025
2022,73,EGY,0.00000250,0.00063116
2022,73,Other,0.00000899,0.00216615
2022,74,CHN,0.00000361,0.00017724
2022,74,ISR,0.00000123,0.00010384
2022,74,TUR,0.00000048,0.00003220
2022,74,ITA,0.00000045,0.00000840
2022,74,EGY,0.00000035,0.00003340
2022,74,Other,0.00000074,0.00004975
2022,75,ISR,0.00000114,0.00001559
2022,75,TUR,0.00000008,0.00000128
2022,75,DEU,0.00000005,0.00000066
2022,75,CHN,0.00000000,0.00000005
2022,76,JOR,0.00004429,0.00413638
2022,76,ISR,0.00002067,0.00375909
2022,76,CHN,0.00001832,0.00238571
2022,76,ARE,0.00000935,0.00241158
2022,76,RUS,0.00000662,0.00204391
2022,76,Other,0.00002047,0.00341561
2022,78,ISR,0.00000003,0.00000370
2022,78,USA,0.00000000,0.00000000
2022,78,TUR,0.00000000,0.00000000
2022,78,FRA,0.00000000,0.00000000
2022,79,CHN,0.00000034,0.00004276
2022,79,ISR,0.00000003,0.00000653
2022,79,ITA,0.00000001,0.00000069
2022,79,DEU,0.00000001,0.00000108
2022,79,FRA,0.00000000,0.00000006
2022,79,Other,0.00000001,0.00000072
2022,80,ISR,0.00012219,0.05014410
2022,80,VNM,0.00000839,0.00117700
2022,80,EGY,0.00000348,0.00226437
2022,80,USA,0.00000329,0.00056429
2022,80,ARE,0.00000118,0.00054504
2022,80,Other,0.00000283,0.00085049
2022,81,ISR,0.00001141,0.00347928
2022,81,EGY,0.00000071,0.00032929
2022,81,TUR,0.00000013,0.00002177
2022,81,THA,0.00000004,0.00000000
2022,81,AUT,0.00000004,0.00000019
2022,81,Other,0.00000008,0.00001722
2022,82,CHN,0.00000475,0.00037338
2022,82,ISR,0.00000451,0.00009644
2022,82,DEU,0.00000066,0.00001665
2022,82,HKG,0.00000064,0.00002017
2022,82,BEL,0.00000059,0.00000453
2022,82,Other,0.00000384,0.00014620
2022,83,CHN,0.00000938,0.00089015
2022,83,ISR,0.00000880,0.00105398
2022,83,TUR,0.00000200,0.00011372
2022,83,ITA,0.00000140,0.00012037
2022,83,KWT,0.00000096,0.00012245
2022,83,Other,0.00000356,0.00038422
2022,84,ISR,0.00010993,0.00925957
2022,84,CHN,0.00006526,0.00572642
2022,84,DEU,0.00002386,0.00081837
2022,84,TUR,0.00002291,0.00245769
2022,84,ITA,0.00001494,0.00090930
2022,84,Other,0.00007409,0.00506057
2022,85,ISR,0.00019875,0.00435678
2022,85,CHN,0.00008654,0.00259728
2022,85,TUR,0.00002698,0.00212858
2022,85,ARE,0.00001617,0.00006705
2022,85,S19,0.00000938,0.00007210
2022,85,Other,0.00006098,0.00346923
2022,86,JOR,0.00000117,0.00023249
2022,86,ITA,0.00000004,0.00000000
2022,86,CHN,0.00000000,0.00000017
2022,86,ISR,0.00000000,0.00000036
2022,86,SWE,0.00000000,0.00000001
2022,87,KOR,0.00007544,0.00629563
2022,87,DEU,0.00005827,0.00470377
2022,87,ISR,0.00005201,0.00478580
2022,87,CZE,0.00003755,0.00268003
2022,87,USA,0.00002736,0.00239174
2022,87,Other,0.00014625,0.01302790
2022,89,S19,0.00000000,0.00000000
2022,90,ISR,0.00004651,0.00068930
2022,90,DEU,0.00001838,0.00028517
2022,90,CHN,0.00001378,0.00069042
2022,90,BRA,0.00000931,0.00179196
2022,90,USA,0.00000857,0.00004096
2022,90,Other,0.00007654,0.00598646
2022,91,ISR,0.00000368,0.00058949
2022,91,CHN,0.00000119,0.00001783
2022,91,IND,0.00000075,0.00018399
2022,91,TUR,0.00000040,0.00009093
2022,91,GTM,0.00000021,0.00004515
2022,91,Other,0.00000044,0.00006055
2022,92,ISR,0.00000050,0.00000693
2022,92,CHN,0.00000006,0.00000186
2022,92,EGY,0.00000004,0.00000118
2022,92,GBR,0.00000002,0.00000023
2022,92,TUR,0.00000001,0.00000036
2022,92,Other,0.00000004,0.00000082
2022,94,CHN,0.00001769,0.00188367
2022,94,TUR,0.00000807,0.00080778
2022,94,ISR,0.00000629,0.00053149
2022,94,JOR,0.00000291,0.00038264
2022,94,EGY,0.00000198,0.00041310
2022,94,Other,0.00000817,0.00100352
2022,95,ISR,0.00001355,0.00101312
2022,95,CHN,0.00000238,0.00025972
2022,95,TUR,0.00000017,0.00001237
2022,95,ITA,0.00000015,0.00001822
2022,95,JOR,0.00000012,0.00000918
2022,95,Other,0.00000053,0.00004310
2022,96,CHN,0.00000567,0.00034462
2022,96,ISR,0.00000212,0.00009832
2022,96,EGY,0.00000096,0.00009262
2022,96,IND,0.00000095,0.00004235
2022,96,JOR,0.00000087,0.00004190
2022,96,Other,0.00000280,0.00019051
2022,97,FRA,0.00000005,0.00000000
2022,97,GRC,0.00000002,0.00000000
2022,97,ISR,0.00000001,0.00000000
2022,97,TUR,0.00000001,0.00000000
2022,97,ITA,0.00000001,0.00000000
2022,97,Other,0.00000000,0.00000000
2023,10,EGY,0.00003231,0.01079889
2023,10,PRT,0.00001581,0.00320886
2023,10,TUR,0.00000028,0.00040800
2023,10,BGR,0.00000027,0.00025000
2023,10,GRC,0.00000014,0.00012500
2023,10,Other,0.00000019,0.00025383
2023,11,EGY,0.00002724,0.03709066
2023,11,TUR,0.00002395,0.05967444
2023,11,UKR,0.00000494,0.01789940
2023,11,DEU,0.00000141,0.00084785
2023,11,SAU,0.00000039,0.00045407
2023,11,Other,0.00000035,0.00029183
2023,12,EGY,0.00000448,0.00146233
2023,12,NLD,0.00000160,0.00000952
2023,12,JOR,0.00000018,0.00004095
2023,12,PRT,0.00000008,0.00022935
2023,12,POL,0.00000007,0.00000514
2023,12,Other,0.00000030,0.00008047
2023,13,CHN,0.00000010,0.00001401
2023,13,DEU,0.00000006,0.00000017
2023,13,ARE,0.00000002,0.00000035
2023,14,EGY,0.00000000,0.00000398
2023,15,TUR,0.00002276,0.01675280
2023,15,EGY,0.00002121,0.01611288
2023,15,UKR,0.00000352,0.00304770
2023,15,MYS,0.00000228,0.00182611
2023,15,SAU,0.00000031,0.00016966
2023,15,Other,0.00000044,0.00031016
2023,16,BRA,0.00000157,0.00049458
2023,16,THA,0.00000103,0.00024066
2023,16,MAR,0.00000079,0.00022239
2023,16,CHN,0.00000032,0.00012149
2023,16,JPN,0.00000019,0.00002570
2023,16,Other,0.00000000,0.00000035
2023,17,EGY,0.00007046,0.08651378
2023,17,SAU,0.00006830,0.08703621
2023,17,TUR,0.00000334,0.00181892
2023,17,CHN,0.00000263,0.00126319
2023,17,ARE,0.00000230,0.00239259
2023,17,Other,0.00000551,0.00262625
2023,18,ITA,0.00001141,0.00143182
2023,18,ARE,0.00000928,0.00127335
2023,18,EGY,0.00000730,0.00111608
2023,18,NLD,0.00000571,0.00164614
2023,18,TUR,0.00000517,0.00140542
2023,18,Other,0.00001253,0.00218761
2023,19,TUR,0.00003086,0.01121535
2023,19,EGY,0.00002155,0.00629932
2023,19,SAU,0.00001411,0.00826778
2023,19,ITA,0.00001112,0.00151971
2023,19,ARE,0.00001014,0.00160065
2023,19,Other,0.00002038,0.00511400
2023,20,EGY,0.00003510,0.01214824
2023,20,BRA,0.00002967,0.00711174
2023,20,JOR,0.00001204,0.00338908
2023,20,ARE,0.00000367,0.00134314
2023,20,SAU,0.00000330,0.00204743
2023,20,Other,0.00000799,0.00342673
2023,21,JOR,0.00001181,0.00211202
2023,21,EGY,0.00000912,0.00257858
2023,21,ARE,0.00000243,0.00052707
2023,21,IDN,0.00000185,0.00056854
2023,21,POL,0.00000162,0.00046050
2023,21,Other,0.00000757,0.00246232
2023,22,POL,0.00000771,0.00804042
2023,22,SAU,0.00000565,0.00482591
2023,22,NLD,0.00000536,0.00513309
2023,22,JOR,0.00000337,0.00404389
2023,22,EGY,0.00000279,0.00289299
2023,22,Other,0.00000370,0.00611410
2023,23,PRT,0.00000055,0.00113344
2023,23,EGY,0.00000013,0.00059573
2023,23,CHN,0.00000008,0.00008840
2023,23,DEU,0.00000008,0.00000825
2023,24,CHE,0.00004108,0.00262184
2023,24,DEU,0.00000316,0.00017274
2023,24,TUR,0.00000242,0.00027201
2023,24,POL,0.00000071,0.00004551
2023,24,HRV,0.00000042,0.00003620
2023,24,Other,0.00000050,0.00004714
2023,25,JOR,0.00010983,1.04679300
2023,25,EGY,0.00003264,0.30162592
2023,25,TUR,0.00000007,0.00017533
2023,25,BEL,0.00000001,0.00000028
2023,25,SAU,0.00000000,0.00002688
2023,25,Other,0.00000001,0.00000094
2023,26,JOR,0.00000000,0.00000367
2023,26,ARE,0.00000000,0.00000260
2023,27,EGY,0.00003207,0.03433552
2023,27,JOR,0.00002213,0.00016607
2023,27,ARE,0.00000464,0.00266901
2023,27,DEU,0.00000322,0.00093746
2023,27,LTU,0.00000164,0.00073357
2023,27,Other,0.00000245,0.00125790
2023,28,EGY,0.00000306,0.00436496
2023,28,JOR,0.00000118,0.00105994
2023,28,CHN,0.00000013,0.00018729
2023,28,BEL,0.00000009,0.00000390
2023,28,SAU,0.00000006,0.00008939
2023,28,Other,0.00000006,0.00023135
2023,29,CHN,0.00000337,0.00164523
2023,29,DEU,0.00000268,0.00137638
2023,29,ESP,0.00000047,0.00005530
2023,29,SAU,0.00000031,0.00000020
2023,29,BEL,0.00000017,0.00000117
2023,29,Other,0.00000064,0.00019533
2023,30,CHE,0.00003389,0.00006758
2023,30,DEU,0.00001432,0.00292394
2023,30,FRA,0.00000571,0.00004590
2023,30,SVN,0.00000477,0.00005036
2023,30,NLD,0.00000348,0.00001327
2023,30,Other,0.00001144,0.00054361
2023,31,JOR,0.00000145,0.00130209
2023,31,MAR,0.00000013,0.00025000
2023,31,NLD,0.00000011,0.00016383
2023,31,ITA,0.00000006,0.00005402
2023,31,FRA,0.00000004,0.00000110
2023,31,Other,0.00000003,0.00003835
2023,32,JOR,0.00000778,0.00121520
2023,32,EGY,0.00000617,0.00122929
2023,32,DEU,0.00000167,0.00016319
2023,32,ARE,0.00000106,0.00022467
2023,32,ITA,0.00000053,0.00014441
2023,32,Other,0.00000067,0.00012118
2023,33,ARE,0.00007001,0.00159566
2023,33,JOR,0.00000388,0.00030966
2023,33,EGY,0.00000304,0.00035214
2023,33,DEU,0.00000225,0.00018537
2023,33,GRC,0.00000121,0.00007159
2023,33,Other,0.00000526,0.00039393
2023,34,EGY,0.00000431,0.00179024
2023,34,JOR,0.00000420,0.00159395
2023,34,SAU,0.00000165,0.00062552
2023,34,ARE,0.00000090,0.00026100
2023,34,BEL,0.00000062,0.00029753
2023,34,Other,0.00000115,0.00041347
2023,35,JOR,0.00000064,0.00019166
2023,35,CHN,0.00000063,0.00033688
2023,35,TUR,0.00000031,0.00016326
2023,35,DEU,0.00000012,0.00005542
2023,35,ITA,0.00000012,0.00005904
2023,35,Other,0.00000016,0.00000843
2023,36,DEU,0.00000000,0.00000000
2023,37,CHN,0.00000013,0.00002180
2023,37,NLD,0.00000003,0.00000131
2023,37,DEU,0.00000000,0.00000001
2023,38,JOR,0.00002510,0.01922980
2023,38,CHN,0.00000300,0.00108394
2023,38,BEL,0.00000088,0.00014036
2023,38,DEU,0.00000062,0.00007439
2023,38,ARE,0.00000056,0.00013952
2023,38,Other,0.00000153,0.00101871
2023,39,JOR,0.00001546,0.00325106
2023,39,EGY,0.00001424,0.00313549
2023,39,CHN,0.00001006,0.00351401
2023,39,DEU,0.00000773,0.00026118
2023,39,TUR,0.00000511,0.00442941
2023,39,Other,0.00000974,0.00381856
2023,40,EGY,0.00002671,0.01443347
2023,40,OMN,0.00000673,0.00154509
2023,40,NLD,0.00000524,0.00088933
2023,40,ARE,0.00000490,0.00145169
2023,40,SAU,0.00000479,0.00278992
2023,40,Other,0.00001470,0.00433393
2023,41,ITA,0.00000008,0.00001353
2023,41,EGY,0.00000007,0.00000345
2023,42,CHN,0.00000150,0.00018608
2023,42,DEU,0.00000005,0.00000092
2023,42,ARE,0.00000003,0.00000089
2023,42,TUR,0.00000002,0.00000191
2023,42,PRT,0.00000001,0.00000029
2023,42,Other,0.00000002,0.00000065
2023,43,JOR,0.00000016,0.00000026
2023,44,EGY,0.00000337,0.00582079
2023,44,ROU,0.00000175,0.00357818
2023,44,UKR,0.00000056,0.00028521
2023,44,DEU,0.00000035,0.00052679
2023,44,ARE,0.00000030,0.00037076
2023,44,Other,0.00000158,0.00183087
2023,45,DEU,0.00000000,0.00000004
2023,45,CHN,0.00000000,0.00000004
2023,46,JOR,0.00000004,0.00000940
2023,46,CHN,0.00000001,0.00000259
2023,46,EGY,0.00000000,0.00000026
2023,46,TUR,0.00000000,0.00000007
2023,48,EGY,0.00001755,0.00969109
2023,48,JOR,0.00000819,0.00379856
2023,48,CHN,0.00000353,0.00185030
2023,48,SAU,0.00000195,0.00251161
2023,48,ARE,0.00000194,0.00120784
2023,48,Other,0.00000560,0.00299045
2023,49,EGY,0.00000114,0.00009458
2023,49,JOR,0.00000031,0.00001759
2023,49,POL,0.00000009,0.00000556
2023,49,CHN,0.00000004,0.00000489
2023,49,ARE,0.00000004,0.00000406
2023,49,Other,0.00000009,0.00000376
2023,51,EGY,0.00000005,0.00000076
2023,51,BRA,0.00000000,0.00000259
2023,52,CHN,0.00000006,0.00000955
2023,52,DEU,0.00000004,0.00000140
2023,52,EGY,0.00000003,0.00000464
2023,52,TUR,0.00000000,0.00000000
2023,53,ARE,0.00000007,0.00000478
2023,53,CHN,0.00000002,0.00000921
2023,54,CHN,0.00000030,0.00005373
2023,54,ARE,0.00000008,0.00001196
2023,54,JOR,0.00000006,0.00000549
2023,54,EGY,0.00000004,0.00000455
2023,54,CHE,0.00000001,0.00000010
2023,54,Other,0.00000000,0.00000024
2023,55,CHN,0.00000035,0.00031747
2023,55,EGY,0.00000002,0.00001466
2023,55,JOR,0.00000002,0.00000000
2023,55,DEU,0.00000000,0.00000011
2023,56,CHN,0.00000029,0.00009681
2023,56,ARE,0.00000019,0.00002655
2023,56,POL,0.00000005,0.00000688
2023,56,EGY,0.00000005,0.00001353
2023,56,ESP,0.00000003,0.00001075
2023,56,Other,0.00000001,0.00000126
2023,57,CHN,0.00000067,0.00033828
2023,57,JOR,0.00000064,0.00010418
2023,57,BEL,0.00000022,0.00003920
2023,57,EGY,0.00000010,0.00001665
2023,57,TUR,0.00000006,0.00001710
2023,57,Other,0.00000011,0.00002046
2023,58,CHN,0.00000016,0.00006037
2023,58,DEU,0.00000001,0.00000005
2023,58,EGY,0.00000000,0.00000040
2023,58,NLD,0.00000000,0.00000001
2023,58,POL,0.00000000,0.00000000
2023,58,Other,0.00000000,0.00000000
2023,59,CHN,0.00000107,0.00048195
2023,59,DEU,0.00000003,0.00000674
2023,59,ITA,0.00000001,0.00000033
2023,59,AUT,0.00000001,0.00000005
2023,59,CHE,0.00000000,0.00000002
2023,59,Other,0.00000000,0.00000012
2023,60,CHN,0.00000053,0.00015277
2023,60,DEU,0.00000002,0.00000029
2023,60,EGY,0.00000001,0.00000204
2023,60,TUR,0.00000001,0.00000106
2023,61,JOR,0.00000267,0.00000262
2023,61,CHN,0.00000133,0.00014647
2023,61,TUR,0.00000065,0.00003507
2023,61,EGY,0.00000045,0.00001497
2023,61,DEU,0.00000024,0.00000262
2023,61,Other,0.00000053,0.00001368
2023,62,EGY,0.00000704,0.00016496
2023,62,CHN,0.00000149,0.00008010
2023,62,ARE,0.00000112,0.00001449
2023,62,TUR,0.00000057,0.00003237
2023,62,DEU,0.00000045,0.00000505
2023,62,Other,0.00000074,0.00001138
2023,63,CHN,0.00000178,0.00039875
2023,63,EGY,0.00000037,0.00003539
2023,63,JOR,0.00000021,0.00002208
2023,63,ARE,0.00000005,0.00000372
2023,63,DEU,0.00000003,0.00000093
2023,63,Other,0.00000005,0.00000411
2023,64,CHN,0.00000070,0.00009282
2023,64,EGY,0.00000040,0.00001023
2023,64,DEU,0.00000015,0.00000322
2023,64,TUR,0.00000014,0.00001261
2023,64,BRA,0.00000006,0.00000191
2023,64,Other,0.00000011,0.00000342
2023,65,CHN,0.00000007,0.00000961
2023,65,TUR,0.00000004,0.00000210
2023,65,NLD,0.00000002,0.00000022
2023,65,DEU,0.00000000,0.00000002
2023,65,ARE,0.00000000,0.00000002
2023,65,Other,0.00000000,0.00000005
2023,66,CHN,0.00000006,0.00000847
2023,66,NLD,0.00000000,0.00000010
2023,66,PRT,0.00000000,0.00000000
2023,67,CHN,0.00000038,0.00002568
2023,67,ARE,0.00000000,0.00000001
2023,67,CZE,0.00000000,0.00000000
2023,67,POL,0.00000000,0.00000000
2023,68,EGY,0.00001600,0.02880475
2023,68,OMN,0.00000311,0.00308022
2023,68,CHN,0.00000038,0.00035174
2023,68,TUR,0.00000031,0.00130552
2023,68,JOR,0.00000018,0.00015133
2023,68,Other,0.00000061,0.00031305
2023,69,EGY,0.00000698,0.01287489
2023,69,CHN,0.00000321,0.00344543
2023,69,ITA,0.00000173,0.00353437
2023,69,SAU,0.00000080,0.00151238
2023,69,AUT,0.00000054,0.00000279
2023,69,Other,0.00000132,0.00150460
2023,70,TUR,0.00001963,0.04926073
2023,70,EGY,0.00001008,0.00780689
2023,70,SAU,0.00000559,0.00555824
2023,70,CHN,0.00000153,0.00105530
2023,70,ARE,0.00000071,0.00042681
2023,70,Other,0.00000181,0.00178569
2023,71,EGY,0.00001421,0.01112323
2023,71,TUR,0.00000099,0.00106201
2023,71,ARE,0.00000063,0.00000001
2023,71,JOR,0.00000009,0.00006530
2023,71,FRA,0.00000004,0.00000177
2023,71,Other,0.00000014,0.00012089
2023,72,EGY,0.00004357,0.04646987
2023,72,JOR,0.00003055,0.03920336
2023,72,ARE,0.00000169,0.00182556
2023,72,CHN,0.00000049,0.00051986
2023,72,TUR,0.00000028,0.00031565
2023,72,Other,0.00000019,0.00006866
2023,73,JOR,0.00001102,0.00124423
2023,73,CHN,0.00000347,0.00183617
2023,73,EGY,0.00000163,0.00028694
2023,73,TUR,0.00000114,0.00025398
2023,73,ITA,0.00000056,0.00006805
2023,73,Other,0.00000206,0.00037173
2023,74,EGY,0.00000082,0.00008023
2023,74,CHN,0.00000042,0.00004366
2023,74,SAU,0.00000009,0.00000818
2023,74,JOR,0.00000005,0.00000133
2023,74,ITA,0.00000003,0.00000129
2023,74,Other,0.00000004,0.00000124
2023,75,DEU,0.00000004,0.00000041
2023,76,JOR,0.00004534,0.00300991
2023,76,CHN,0.00000556,0.00181171
2023,76,KWT,0.00000475,0.00051162
2023,76,EGY,0.00000193,0.00041342
2023,76,ARE,0.00000190,0.00047797
2023,76,Other,0.00000111,0.00021452
2023,78,USA,0.00000003,0.00000048
2023,78,TUR,0.00000000,0.00000001
2023,79,CHN,0.00000014,0.00002170
2023,79,FRA,0.00000001,0.00000206
2023,79,PRT,0.00000000,0.00000000
2023,80,EGY,0.00000248,0.00171014
2023,80,ARE,0.00000142,0.00028180
2023,80,JOR,0.00000052,0.00010843
2023,80,TUR,0.00000040,0.00002108
2023,80,USA,0.00000014,0.00001837
2023,80,Other,0.00000002,0.00000521
2023,81,EGY,0.00000044,0.00017878
2023,81,AUT,0.00000007,0.00000037
2023,81,CHN,0.00000000,0.00000398
2023,81,NLD,0.00000000,0.00000012
2023,81,USA,0.00000000,0.00000000
2023,81,Other,0.00000000,0.00000050
2023,82,CHN,0.00000159,0.00027339
2023,82,S19,0.00000043,0.00003198
2023,82,ARE,0.00000042,0.00001868
2023,82,BEL,0.00000034,0.00000287
2023,82,DEU,0.00000021,0.00000300
2023,82,Other,0.00000038,0.00000609
2023,83,CHN,0.00000524,0.00152717
2023,83,ITA,0.00000043,0.00003692
2023,83,DEU,0.00000021,0.00001195
2023,83,SVN,0.00000021,0.00005609
2023,83,ARE,0.00000018,0.00000855
2023,83,Other,0.00000024,0.00001806
2023,84,CHN,0.00003854,0.00830006
2023,84,DEU,0.00002308,0.00073213
2023,84,ITA,0.00000588,0.00039387
2023,84,EGY,0.00000378,0.00066980
2023,84,TUR,0.00000291,0.00037803
2023,84,Other,0.00001098,0.00064776
2023,85,CHN,0.00002861,0.00295889
2023,85,ARE,0.00000908,0.00011443
2023,85,DEU,0.00000457,0.00008662
2023,85,S19,0.00000375,0.00001745
2023,85,ITA,0.00000357,0.00015536
2023,85,Other,0.00001480,0.00076260
2023,86,JOR,0.00000008,0.00002415
2023,86,ARE,0.00000006,0.00001979
2023,86,CHN,0.00000000,0.00000004
2023,87,DEU,0.00005606,0.00339061
2023,87,ESP,0.00002086,0.00182529
2023,87,CZE,0.00002077,0.00130998
2023,87,SWE,0.00001680,0.00102600
2023,87,SVK,0.00001244,0.00064281
2023,87,Other,0.00003212,0.00277187
2023,90,DEU,0.00001143,0.00016283
2023,90,NLD,0.00000843,0.00005517
2023,90,CHN,0.00000813,0.00055101
2023,90,BEL,0.00000255,0.00000862
2023,90,ITA,0.00000218,0.00005873
2023,90,Other,0.00000957,0.00045607
2023,91,TUR,0.00000013,0.00006056
2023,91,JOR,0.00000004,0.00000889
2023,91,EGY,0.00000004,0.00000750
2023,91,SAU,0.00000003,0.00000660
2023,91,FRA,0.00000002,0.00000006
2023,91,Other,0.00000005,0.00000692
2023,92,EGY,0.00000001,0.00000032
2023,92,CHN,0.00000000,0.00000007
2023,94,CHN,0.00000877,0.00144813
2023,94,EGY,0.00000175,0.00031167
2023,94,JOR,0.00000139,0.00013741
2023,94,TUR,0.00000099,0.00032091
2023,94,CZE,0.00000055,0.00001812
2023,94,Other,0.00000221,0.00027190
2023,95,CHN,0.00000181,0.00031871
2023,95,ITA,0.00000004,0.00000133
2023,95,JOR,0.00000004,0.00000249
2023,95,EGY,0.00000001,0.00000037
2023,95,DEU,0.00000001,0.00000017
2023,95,Other,0.00000000,0.00000006
2023,96,CHN,0.00000157,0.00028920
2023,96,EGY,0.00000081,0.00011592
2023,96,JOR,0.00000030,0.00001037
2023,96,FRA,0.00000024,0.00000566
2023,96,ARE,0.00000013,0.00000695
2023,96,Other,0.00000035,0.00001711
2023,97,ZAF,0.00000000,0.00000005
